Base	G	A	T	C	sample
1	40.50375620913212	18.53372237593856	34.916310576856354	6.046210838072971	pt2
2	19.528103406122526	19.760916624456186	26.75718669977996	33.953793269641324	pt2
3	9.409023060374828	27.308611054895458	24.9937122957081	38.28865358902161	pt2
4	14.092697430990253	26.80305769597458	39.950545012358994	19.15369986067617	pt2
5	23.0933573028608	16.734384383659837	38.10591893205169	22.06633938142768	pt2
6	41.33490799482388	11.036863119895928	26.139648824556822	21.488580060723365	pt2
7	40.584507735282386	16.314025603295583	20.822568053215736	22.27889860820629	pt2
8	17.58085513668228	24.213499469127587	45.96571328970836	12.239932104481774	pt2
9	28.387727337066572	40.15336734347711	20.159732547380045	11.299172772076275	pt2
10	49.852812874177836	12.700556761633186	18.455517449952612	18.991112914236368	pt2
11	24.000333394626278	10.272933949479746	42.25501252606016	23.471720129833813	pt2
12	25.624751908458354	10.636710030459865	36.24779405118533	27.490744009896456	pt2
13	12.466581865309143	18.877665390064553	43.32160064292667	25.33415210169963	pt2
14	31.2400429144447	47.73890534826458	14.078629884555932	6.942421852734787	pt2
15	57.405509857989244	10.832356972060287	24.874426840899478	6.887706329050991	pt2
16	14.63868879307036	14.820301261746046	51.0003418028547	19.5406681423289	pt2
17	55.637754829732344	13.063633278269526	21.276492297622966	10.022119594375157	pt2
18	53.72219222223206	12.311228750416802	22.094328821531533	11.872250205819606	pt2
19	24.698859001940356	13.53338969731232	52.772382107247914	8.995369193499407	pt2
20	37.40703420126336	22.19885138326583	33.63641828911059	6.757696126360227	pt2
21	26.932859864148007	43.81157994620052	14.112272976564224	15.14328721308725	pt2
22	29.137773034037835	22.658493971588957	42.63336084877238	5.570372145600832	pt2
23	10.411139290974937	32.141672111902366	26.064080272003366	31.383108325119334	pt2
24	10.97956306710066	42.79818893644581	37.712690924456375	8.509557071997158	pt2
25	8.293665864327169	3.467097606748052	40.92488694067908	47.314349588245705	pt2
26	33.351580820575606	10.680170918748015	19.32540892202089	36.642839338655484	pt2
27	10.147726671462458	8.226033149494697	62.16518120995769	19.461058969085162	pt2
28	33.81834257897944	3.8611807709563384	33.13696192876473	29.183514721299495	pt2
29	36.72322208286698	11.750511216190635	5.932025367684216	45.59424133325817	pt2
30	46.356621521602406	8.848737939033239	5.466970020582918	39.32767051878144	pt2
31	10.705346273701041	12.394766744769857	9.987156783424895	66.91273019810421	pt2
32	4.465824630418518	3.908006748945099	37.55430171204164	54.07186690859474	pt2
33	10.075248234237739	6.490004610421798	74.05347845219671	9.381268703143752	pt2
34	14.683360884066238	19.620091354621653	14.346173224018688	51.35037453729342	pt2
35	14.344561638069772	18.326772140929464	46.39985515858278	20.928811062417985	pt2
36	12.365726907777757	15.52137370997012	37.829037816435395	34.28386156581673	pt2
37	27.75788976135602	23.641986391467	14.357478647354323	34.24264519982266	pt2
38	20.614344681865564	23.146144101271975	27.84932614681258	28.390185070049878	pt2
39	27.8099062291474	16.37302302712448	27.912340056894674	27.90473068683345	pt2
40	26.86118584613289	24.52831795116303	21.366175118346217	27.244321084357864	pt2
41	30.592180474049236	18.22922904395353	27.579561662329745	23.59902881966749	pt2
42	22.945754014939972	19.508426767211443	28.333498703029104	29.21232051481949	pt2
43	27.199574618929457	23.745125841900037	22.47075505140021	26.584544487770295	pt2
44	22.549189940494287	21.55018894149329	25.502758111453765	30.397863006558655	pt2
45	15.422127400182873	20.628873310982424	30.67154322869044	33.27745606014427	pt2
46	29.185562527178977	18.649437783437907	25.22209107287072	26.942908616512394	pt2
47	23.16557530402245	23.390084190832553	19.618334892422826	33.82600561272217	pt2
48	20.177596197940552	17.18430816692375	30.98344936840789	31.65464626672781	pt2
49	21.3774997207016	18.93643168361077	33.186236174729075	26.49983242095855	pt2
50	23.218724109362054	18.48246340789837	31.220657276995308	27.07815520574427	pt2
51	19.032158317872604	18.560606060606062	20.35405071119357	42.053184910327765	pt2
52	11.900502598177017	35.02001874094897	19.601328903654487	33.47814975721952	pt2
53	28.670680870773506	23.232978230662344	19.694302918017602	28.402037980546552	pt2
54	14.617598684210526	22.16282894736842	21.422697368421055	41.796875	pt2
55	21.024258760107816	18.632075471698112	40.36388140161725	19.97978436657682	pt2
56	27.526675458578108	7.972665148063782	19.098429444910682	45.40222994844743	pt2
57	16.36158475426279	9.465897693079238	37.08625877632899	37.08625877632899	pt2
58	26.031331592689295	16.174934725848562	20.45691906005222	37.33681462140992	pt2
59	25.156464661883682	28.804762631659287	27.064570294611514	18.97420241184552	pt2
60	29.9931833674165	22.716428084526243	29.05589638718473	18.234492160872527	pt2
61	22.234870043634984	27.983304875735154	40.1062416998672	9.675583380762664	pt2
62	18.678459937565037	25.18210197710718	22.346514047866805	33.79292403746098	pt2
63	15.629522431259044	22.14182344428365	9.985528219971057	52.243125904486256	pt2
64	46.666666666666664	21.370716510903424	21.370716510903424	10.59190031152648	pt2
65	37.45203376822717	37.37528779739064	7.981580966999233	17.191097467382964	pt2
66	13.780598368087036	49.86400725294651	20.217588395285585	16.13780598368087	pt2
67	24.791418355184742	21.93087008343266	35.280095351609056	17.99761620977354	pt2
68	34.11552346570397	45.30685920577617	7.400722021660649	13.176895306859207	pt2
