Base	G	A	T	C	sample
1	29.15423457917548	21.70004830704699	41.6196590658662	7.5260580479113255	pc7
2	25.941240889816626	21.70245109589983	19.0538947184044	33.30241329587915	pc7
3	12.926203480150363	23.870544890144174	18.179164465600266	45.02408716410519	pc7
4	18.620115235864574	28.531196469717163	28.45155372560581	24.39713456881245	pc7
5	30.89584499525287	22.36767055229859	34.45825066226335	12.27823379018519	pc7
6	44.45332455900971	14.30391116941687	27.870732583363246	13.372031688210178	pc7
7	29.21236959872406	19.48893611678821	25.353786117037235	25.944908167450492	pc7
8	19.326483439377068	26.52830917509428	36.52007000128329	17.625137384245367	pc7
9	25.105012468381126	33.346310652175276	24.679296471926463	16.869380407517134	pc7
10	43.38150679912025	16.123927406625572	19.670926370229726	20.82363942402445	pc7
11	24.741588282614533	15.904378107837303	30.43173975371385	28.92229385583432	pc7
12	17.276713474806858	14.220839288587344	39.34556241092187	29.15688482568392	pc7
13	20.71267993871256	20.427743019136024	36.39315602890093	22.466421013250486	pc7
14	34.04424000976954	41.337498926282436	17.471532254475722	7.146728809472311	pc7
15	48.62054826976615	14.877936786386353	27.95628470297715	8.545230240870346	pc7
16	14.669667986584226	20.31465218450679	42.53367769040062	22.48200213850836	pc7
17	43.72989569613389	16.798170075384654	25.4717677376306	14.000166490850862	pc7
18	43.04253050388677	14.511004767717697	27.481039516595857	14.965425211799674	pc7
19	33.16805561038495	14.10979494765295	41.81413156378332	10.908017878178782	pc7
20	41.21254333042347	20.46069614761955	30.32984595558205	7.996914566374922	pc7
21	28.968238995235296	34.14133229398166	18.655392876969977	18.23503583381306	pc7
22	34.845038465272566	17.11707530095899	39.563164158852345	8.474722074916095	pc7
23	15.28975620702028	32.23121435005298	31.20408307992256	21.27494636300418	pc7
24	16.712497638504804	38.8306858011665	32.396729152159125	12.060087408169567	pc7
25	11.359806161717758	5.974083832597192	47.646895635632134	35.019214370052914	pc7
26	18.41717515906718	17.08845511299911	22.89238503498638	41.60198469294733	pc7
27	15.932418918420804	18.578611639265336	42.33210686059746	23.1568625817164	pc7
28	51.18788111723639	6.6490795821549655	17.06183349299863	25.10120580761001	pc7
29	35.813225028290944	25.453397358580187	10.833468190729883	27.899909422398977	pc7
30	38.220431996956215	19.252263725921893	7.461835646297529	35.06546863082436	pc7
31	18.947507894456685	20.628875904425566	9.218795355309908	51.204820845807845	pc7
32	9.703636226814305	5.820272655142709	40.40078242015909	44.075308697883905	pc7
33	14.34253278311941	5.910290468135054	60.32259615572646	19.424580593019076	pc7
34	12.66830437729502	14.980394054409885	8.837570906575024	63.51373066172007	pc7
35	17.009858926789477	25.743070341894185	31.42359814319489	25.823472588121447	pc7
36	13.820726007484119	19.232038514549725	21.324029000103913	45.62320647786224	pc7
37	19.753022385317927	23.605077866673582	13.6164743952708	43.02542535273769	pc7
38	22.516332181183156	33.40487522394542	17.25311713928953	26.825675455581898	pc7
39	31.807308023763024	20.80882157694378	18.404999794813364	28.978870604479827	pc7
40	26.825666793205183	23.116195235974402	23.014864788117734	27.04327318270268	pc7
41	32.42840749144901	17.32444005392417	27.1299490839947	23.117203370632122	pc7
42	21.932542261907585	23.612580597715983	26.77908041505155	27.67579672532488	pc7
43	22.57834799409289	25.05559803641161	22.12188957441965	30.244164395075853	pc7
44	20.708366691985027	22.386905617254804	28.32714059901874	28.577587091741425	pc7
45	14.634026526936303	24.993450139184542	31.131488455870315	29.241034878008843	pc7
46	24.88171198586434	19.672131147540984	26.63787179738883	28.80828506920585	pc7
47	23.495815426374122	25.42185026012214	20.301967880570007	30.780366432933725	pc7
48	24.297418073485602	18.68545183714002	28.31802383316783	28.69910625620655	pc7
49	25.020551073222713	20.433855990257268	30.08068199117065	24.46491094534937	pc7
50	22.71767571957051	18.375891004240728	31.051159433366415	27.855273842822342	pc7
51	17.9712118264929	18.25714841470531	23.4506905271348	40.320949231666994	pc7
52	13.037157039898645	29.056846740191496	26.917564957318213	30.988431262591646	pc7
53	31.563057802067036	22.43548778069151	24.698649154895435	21.30280526234602	pc7
54	16.427089865418935	24.66595919154889	22.35058607881916	36.556364864213016	pc7
55	21.475870242972352	22.22565767437067	33.614181546468785	22.684290536188197	pc7
56	23.78414024289718	15.395394845304173	22.116282903775346	38.7041820080233	pc7
57	19.604160242213563	11.449076280451907	36.64881836786185	32.29794510947268	pc7
58	26.970774434134075	19.284248258318158	22.978637296562887	30.766340010984884	pc7
59	21.29820010755069	31.25929206339164	23.385948818524025	24.05655901053364	pc7
60	22.97499912828202	21.092088287597196	35.08490533142717	20.84800725269361	pc7
61	24.682232390785718	24.31068872462748	39.13723649732098	11.86984238726583	pc7
62	22.02820685023506	26.99798522498321	20.338895490003615	30.634912434778116	pc7
63	26.665803276565438	16.784303567959594	14.336592630965486	42.213300524509485	pc7
64	54.019581424593554	13.212970448217012	26.138507140932365	6.628940986257073	pc7
65	50.799492385786806	28.921319796954315	5.253807106598985	15.025380710659899	pc7
66	22.808403095877427	47.08576844100458	18.322539883114832	11.783288580003159	pc7
67	54.151478331308226	18.67152693398137	14.803564196030782	12.373430538679628	pc7
68	59.24817032601464	21.423819028609447	9.614105123087159	9.713905522288755	pc7
