Base	G	A	T	C	sample
1	42.303522839551995	16.500710933530964	34.39892396751454	6.796842259402504	pt6
2	21.158842747757078	15.117973703768877	24.996608482334395	38.726575066139645	pt6
3	11.721471317378002	29.29741503129783	24.843770736768693	34.137342914555475	pt6
4	15.92572862616312	21.888544773632596	41.27330357999863	20.912423020205647	pt6
5	25.384285750587342	19.4752483939004	35.74473123098496	19.395734624527293	pt6
6	44.994578440301815	11.688872311539209	23.682444885142132	19.634104363016846	pt6
7	41.59840991107381	16.30010941794803	22.8169398342202	19.284540836757962	pt6
8	18.12932270486527	20.145457838398944	48.46857032104286	13.256649135692925	pt6
9	30.431293602440114	36.86188793721699	20.885643170895865	11.82117528944703	pt6
10	51.765971886174576	13.61504795800558	18.992387809753634	15.626592346066213	pt6
11	18.210082866427012	12.176129490739791	44.85004084558003	24.763746797253166	pt6
12	24.47393313903402	12.33126194070623	37.87844280916859	25.316362111091156	pt6
13	16.063643177947558	19.07999364487646	38.43980562007992	26.416557557096056	pt6
14	26.737330011097733	51.30132124010005	15.367732532620959	6.593616216181253	pt6
15	59.013917089771354	12.223548733723748	21.53801577776086	7.224518398744044	pt6
16	14.994630747055574	16.742667074322544	51.32792130501318	16.934780873608698	pt6
17	52.24771701351491	13.883893615676996	22.34618161623696	11.522207754571141	pt6
18	51.444991287689156	14.091069932348898	22.47238577524131	11.991553004720638	pt6
19	27.045538465085517	13.918053418740332	50.1912458612704	8.845162254903748	pt6
20	32.383052764997025	25.106602323714096	34.78995808252417	7.720386828764708	pt6
21	30.108147678977996	37.76971326726473	15.160693984576454	16.961445069180815	pt6
22	25.95312972621498	24.52814453843928	42.184073135316474	7.334652600029264	pt6
23	12.591658930341998	34.945023548039856	21.76300776668547	30.700309754932682	pt6
24	11.868337918478272	40.35208761669302	38.11702427188679	9.662550192941916	pt6
25	8.736593548800634	4.45748257908834	43.58072285106914	43.22520102104189	pt6
26	28.63883624969834	11.63288417487904	19.933704291269894	39.79457528415272	pt6
27	12.044578733136229	9.729889078226414	59.39957269796087	18.825959490676492	pt6
28	34.43463940873504	4.889411779030549	28.819205152869266	31.856743659365144	pt6
29	37.89080832853953	13.9884160229413	8.57281846800959	39.547957180509584	pt6
30	44.28548530589417	9.80063127814584	5.288557851572778	40.62532556438721	pt6
31	12.631026829175843	14.407586756459024	8.863804019662568	64.09758239470257	pt6
32	6.404362630952437	4.363425322134697	38.84227137565862	50.38994067125425	pt6
33	11.04432454360493	5.665608880969342	70.39556893017576	12.894497645249967	pt6
34	14.477164372340798	14.451030702173496	12.497672192219367	58.57413273326634	pt6
35	16.623153474436656	25.718557459039275	33.33123631202105	24.327052754503026	pt6
36	13.404199344430145	16.592316607532652	23.331603159818258	46.67188088821894	pt6
37	18.870210000799123	22.89715302341427	13.692952166250983	44.53968480953562	pt6
38	22.863995607634624	29.376255219546028	19.003048648336247	28.756700524483104	pt6
39	31.945808868885795	17.57746757746758	19.674365828211982	30.802357725434646	pt6
40	26.619472045716236	23.435730497865343	23.574092238001146	26.370705218417275	pt6
41	31.273344853591766	17.8219585626993	28.663471873348417	22.241224710360513	pt6
42	24.614546079009656	21.42787811816356	26.091403910910678	27.866171891916107	pt6
43	24.228143857976672	26.311908123712826	23.04731412948657	26.41263388882394	pt6
44	20.08882527521101	24.58692037298196	26.11189458839378	29.212359763413247	pt6
45	14.965260515817683	24.715354488244355	30.106340410568567	30.213044585369403	pt6
46	25.15121697103001	20.461320290568114	25.693861603912833	28.693601134489043	pt6
47	21.537433155080212	25.576537433155078	21.109625668449198	31.776403743315505	pt6
48	23.44812337626444	20.219998894477918	28.761999520940428	27.56987820831721	pt6
49	25.77177191003476	19.721908883722	28.863463707728076	25.64285549851516	pt6
50	21.238240252324758	17.738865626189572	33.19647615422263	27.82641796726304	pt6
51	18.530679253026882	16.968133446688753	23.52613526428425	40.975052036000115	pt6
52	12.295212342929855	31.363130268808654	25.633847622077305	30.70780976618419	pt6
53	29.54817673675805	21.067340963534736	25.552302368911366	23.832179930795846	pt6
54	14.617726051924798	24.254252461951655	23.423455684870188	37.70456580125336	pt6
55	19.41306670737292	20.59990841092963	38.26515035872386	21.721874522973593	pt6
56	27.620305869164863	12.631115381535752	21.67107054207703	38.07750820722235	pt6
57	19.435414180486397	10.641537385292786	34.57882391671125	35.344224517509566	pt6
58	28.40899448451421	18.17988969028426	19.333899024183285	34.077216801018245	pt6
59	21.570062451209992	33.177205308352846	21.316354410616707	23.93637782982045	pt6
60	21.985432964661452	20.366873482600486	34.78823846776369	22.85945508497437	pt6
61	23.754122938530735	20.971514242878563	40.707646176911545	14.566716641679161	pt6
62	22.6231616169734	23.828658683597205	23.306276621393554	30.241903078035843	pt6
63	25.440582849266512	18.332184700206756	14.403859407305305	41.82337304322142	pt6
64	48.70955063539893	15.131665138215642	28.835320319664614	7.323463906720818	pt6
65	50.922572857389206	30.953612691843425	6.2769443007415076	11.846870150025866	pt6
66	20.950413223140497	53.61570247933884	14.814049586776859	10.6198347107438	pt6
67	48.84969325153374	19.708588957055216	16.20654396728016	15.235173824130879	pt6
68	56.26515763945028	21.62489894907033	11.398544866612772	10.711398544866613	pt6
