Base	G	A	T	C	sample
1	24.147460644454	22.165573675371334	46.02149378847897	7.6654718916957005	pt7
2	24.243451221276256	22.92383101251691	24.887069507968555	27.945648258238283	pt7
3	13.832435767337289	29.416426586111083	23.060135854782157	33.69100179176947	pt7
4	22.491990570713664	30.509438177616794	28.640406451256204	18.35816480041333	pt7
5	25.143239446665678	26.766116527261357	33.24890790894884	14.841736117124126	pt7
6	37.162742085327224	13.204494903403832	32.886972303147516	16.745790708121426	pt7
7	32.375243411481506	22.342674738631324	20.59932022611192	24.68276162377525	pt7
8	22.074037795251968	29.951247327119223	33.970520262162815	14.004194615465993	pt7
9	23.451501739845	37.742531392349335	28.595050268367828	10.210916599437839	pt7
10	38.311101592598476	19.45995890873615	21.603182649199937	20.625756849465436	pt7
11	27.404231121126244	9.35414369889013	34.372280280622824	28.869344899360804	pt7
12	22.222026040475225	14.508157592754245	32.945889473920104	30.323926892850423	pt7
13	16.704170704663575	21.52114670986049	40.16387924982268	21.610803335653262	pt7
14	30.03927874237153	41.32678125051933	20.915427551661704	7.718512455447438	pt7
15	54.14911125091426	16.298040925853826	20.714902376078115	8.837945447153793	pt7
16	15.672696631487614	17.381858089969473	43.09178749584292	23.853657782699987	pt7
17	40.16855009708948	20.668848811553563	28.295906244202484	10.866694847154479	pt7
18	43.2810952416657	18.02061256182966	24.47730748615739	14.220984710347242	pt7
19	27.711752206139778	17.453376617871992	42.13420098207888	12.70067019390935	pt7
20	41.81386890075879	22.173674070396174	28.43285767964236	7.579599349202681	pt7
21	23.670786011683987	31.86821672050824	22.391801023566305	22.069196244241468	pt7
22	27.584857121640628	18.756133980461684	45.827386266271034	7.8316226316266615	pt7
23	12.366094899704867	32.21047140929682	26.34493466576166	29.07849902523665	pt7
24	11.827009900541686	35.621711181205484	41.05623705190999	11.495041866342845	pt7
25	10.90501957487539	6.434867488023152	42.188435280107726	40.47167765699373	pt7
26	31.670373232150745	11.758074906912459	19.57844802277646	36.99310383816034	pt7
27	15.514530556431874	9.981959382776559	54.42859310475821	20.074916956033366	pt7
28	33.0327543283321	6.992997383790943	27.920088730877712	32.054159556999245	pt7
29	36.737132718428036	11.604459736074213	9.714941971547217	41.94346557395053	pt7
30	41.46907530477099	8.535156616934	8.337137543653192	41.658630534641816	pt7
31	14.061565633807582	13.259407538594797	12.140111086010114	60.53891574158751	pt7
32	8.791909293151386	7.472833939131711	35.01931888736643	48.71593788035048	pt7
33	19.958082181659037	9.21663412707209	55.83530133938087	14.989982351888006	pt7
34	15.335374828905879	14.961835767852211	13.74088383202275	55.96190557121916	pt7
35	16.666593369380937	28.440373024546528	27.29506628640035	27.597967319672183	pt7
36	14.607493538159638	21.247116884258006	19.25123195993293	44.89415761764943	pt7
37	22.722354884349212	24.747497380545404	14.296140278995923	38.23400745610947	pt7
38	25.868517698538795	27.97176568645326	19.089417341702912	27.070299273305032	pt7
39	36.97511050305199	19.62119816880657	20.49930277836245	22.904388549778997	pt7
40	28.14898618395804	20.174779327107586	26.630260969681462	25.04597351925291	pt7
41	33.17421301876228	16.22030729517609	28.47605128545805	22.129428400603583	pt7
42	22.943033341337284	20.449314490860854	28.21451370139796	28.393138466403904	pt7
43	23.159327238467444	27.157512736408684	25.531439737595086	24.15172028752879	pt7
44	21.403140185716808	27.820634131477235	26.607380559074944	24.168845123731014	pt7
45	13.794829903291259	31.006526302845046	30.59544827707362	24.603195516790077	pt7
46	21.84678153218468	21.107788922110778	28.03871961280387	29.00670993290067	pt7
47	22.829158243893723	28.40438244787188	20.34197388847318	28.42448541976122	pt7
48	24.458193176357522	20.655934646804422	28.19317635752042	26.692695819317635	pt7
49	26.71768829125241	20.846863600600816	27.71189471425506	24.72355339389171	pt7
50	21.916463524368897	19.431310635930828	31.014511722264942	27.637714117435337	pt7
51	17.46251122935526	18.52670858959298	21.983622417248288	42.027157763803466	pt7
52	9.078257726369058	29.580697632387494	28.631845291885057	32.7091993493584	pt7
53	31.129326389802785	26.261961610046814	21.92664172510387	20.68207027504653	pt7
54	16.82020330368488	25.47649301143583	21.634768106734434	36.068535578144854	pt7
55	18.685545575515636	25.765136393878908	35.46032934131736	20.08898868928809	pt7
56	23.952799790995385	16.999042062178873	21.22267700078377	37.82548114604197	pt7
57	19.916547710552322	11.725046667398704	35.06753047106621	33.290875150982764	pt7
58	27.16867874661231	19.95878782448989	24.3689385625014	28.503594866396398	pt7
59	21.21345458101105	31.702845409210912	21.132785763175907	25.95091424660213	pt7
60	21.028301126132178	20.197812239632327	37.734834842905904	21.039051791329587	pt7
61	27.465551477224864	21.54160900174499	41.293098261026536	9.699741260003611	pt7
62	22.31351699693894	31.64975028193975	20.79104237151603	25.245690349605283	pt7
63	31.625676089396876	17.25686294519849	12.787019083579956	38.330441881824676	pt7
64	58.290668305003756	12.519625913031607	23.660318110451225	5.529387671513414	pt7
65	51.73236514522822	27.69709543568465	5.062240663900415	15.508298755186722	pt7
66	22.692869472845572	42.23874651440712	21.3119107688222	13.756473243925111	pt7
67	51.997887695828204	17.51452209118113	14.557296250660096	15.930293962330575	pt7
68	58.72377119862029	20.465651049152058	10.146593848807129	10.663983903420524	pt7
