Base	G	A	T	C	sample
1	22.256043982355365	27.841595823224356	43.30508560743544	6.597274586984836	pc5
2	21.861893090417215	29.643035860265204	25.26981502848998	23.225256020827604	pc5
3	10.665218296481054	23.293377871525514	17.586953701260992	48.45445013073244	pc5
4	16.88021403099981	42.05662182018967	24.89474697097046	16.168417177840066	pc5
5	25.42504277615859	23.877079102342822	35.959384327665575	14.738493793833019	pc5
6	36.51344076253155	13.354842873745266	35.041793593682335	15.089922770040848	pc5
7	26.009832842723185	20.58857213097356	24.084869630285166	29.31672539601809	pc5
8	17.903568770669022	37.60704206487336	31.03644962934326	13.452939535114364	pc5
9	20.538702141897335	41.71155927707078	24.431066923911764	13.318671657120113	pc5
10	34.49741244087983	17.10560958994052	21.88006907154189	26.516908897637766	pc5
11	34.46800072912779	10.91233261660256	26.80609169339403	27.81357496087563	pc5
12	17.63571288507881	12.268510545866679	31.825173664038132	38.27060290501638	pc5
13	15.499210785787637	23.153198075450767	42.71322820622209	18.634362932539503	pc5
14	41.052971766905806	35.231913905808696	16.855608384460087	6.859505942825403	pc5
15	47.31096925928078	13.144726866864643	31.5142451856078	8.030058688246779	pc5
16	12.147983010489162	21.608758752173244	37.982447705383606	28.260810531953982	pc5
17	45.14425467581192	16.109332497072444	28.579237829357258	10.167174997758375	pc5
18	44.1770362540881	16.737359485292735	23.977775382788973	15.107828877830192	pc5
19	29.17219838075767	14.248734904678779	46.731562078149395	9.847504636414161	pc5
20	52.40172375318771	16.577791269975073	24.520428835436046	6.500056141401162	pc5
21	23.28108383205275	36.5165587640576	19.331725887725096	20.870631516164554	pc5
22	34.80055193307341	16.331257696528386	42.39903068101869	6.469159689379521	pc5
23	11.864552647733584	28.01097120960052	36.40813398035469	23.716342162311204	pc5
24	13.382847707769512	39.74743188521057	35.37003728104757	11.499683125972346	pc5
25	12.292975663289358	6.5356897204640125	42.487866422449436	38.6834681937972	pc5
26	26.460626171213686	13.340731266187486	21.139976732117585	39.058665830481246	pc5
27	14.262103385355285	16.932754116563476	48.733278194583804	20.071864303497435	pc5
28	38.163168915216325	7.172705944380688	26.589243819319208	28.07488132108378	pc5
29	33.19603394658832	19.356197929231676	12.478870132488193	34.96889799169181	pc5
30	39.27899458654552	16.32532155516228	7.945391504859672	36.45029235343253	pc5
31	15.046688208649616	15.989728833629883	11.448709604154631	57.51487335356587	pc5
32	9.93349616468691	7.178793997964217	38.61787681392796	44.269833023420915	pc5
33	16.94387269513885	8.598909245305423	58.477935311893305	15.979282747662424	pc5
34	20.372879838046376	20.695573377576775	13.664837068337738	45.26670971603911	pc5
35	23.82794273307231	20.777165833587354	32.56920871768919	22.825682715651137	pc5
36	20.140589591575992	18.50128381601026	28.32402082772153	33.03410576469222	pc5
37	25.907911095600582	24.32936880119902	16.86665898064681	32.89606112255359	pc5
38	23.312403593140367	28.01524362580528	19.084293621268486	29.588059159785864	pc5
39	26.921908170008948	21.55053157014537	21.00865514771976	30.51890511212592	pc5
40	22.758852642535892	28.860940353909303	23.874393620991025	24.50581338256378	pc5
41	29.982314673702888	25.79726133339399	23.401496713145146	20.81892727975798	pc5
42	32.29908510498255	23.46376620812216	21.222273415388663	23.014875271506614	pc5
43	34.830284713321994	25.547815165859372	18.39748227197779	21.22441784884084	pc5
44	28.415985438753356	33.60263124281517	17.07194405415762	20.909439264273853	pc5
45	20.20062572659509	34.11192983655884	22.172690282431788	23.51475415441428	pc5
46	22.593561077473094	18.77793781084092	26.005528132414153	32.622972979271836	pc5
47	19.484065677433264	17.20157469807166	30.66914402738784	32.64521559710724	pc5
48	20.950150318115078	13.850241208138153	23.493323079074322	41.70628539467245	pc5
49	21.2202927524777	19.367536865270317	21.40549085245368	38.0066795297983	pc5
50	20.5298323540712	25.687591952245743	19.85231415104064	33.93026154264241	pc5
51	20.755590443411226	31.9747197230441	14.194996276392327	33.074693557152344	pc5
52	20.958945853079324	39.92245211050049	15.11763531476247	24.00096672165772	pc5
53	37.42437149160169	29.878994386562695	13.913461328440688	18.78317279339493	pc5
54	24.391469151025255	33.04676439694935	14.787413800977303	27.77435265104809	pc5
55	19.671877233951292	34.8627460325025	25.245436782156983	20.21993995138922	pc5
56	17.23924634740762	25.330001360830355	18.459045191938937	38.97170709982309	pc5
57	12.504367857743725	15.651813793371211	33.255251135643014	38.58856721324205	pc5
58	19.277875205068735	14.974260338292696	27.224642190416926	38.523222266221644	pc5
59	18.273938484109248	25.258022142991184	24.812774015251026	31.655265357648542	pc5
60	20.277978102668328	21.31383990034747	28.562687121659124	29.845494875325073	pc5
61	20.144251394251395	25.088481338481337	41.19744744744745	13.56981981981982	pc5
62	18.579564741824765	24.01463433032852	23.76947157997963	33.63632934786708	pc5
63	17.303346604971484	17.394813300333585	14.866028193263748	50.43581190143118	pc5
64	44.26397674816208	17.045648828859633	24.7136262608993	13.976748162078989	pc5
65	45.36033914272256	28.709373528026376	5.6523787093735285	20.277908619877532	pc5
66	15.631912697242296	44.04955021383277	23.211915646659783	17.10662144226515	pc5
67	34.68612554978009	20.35185925629748	27.62894842063175	17.333066773290685	pc5
68	46.84854186265287	32.64346190028222	7.964879272499216	12.543116964565696	pc5
