Base	G	A	T	C	sample
1	43.82305213586652	16.54432424737929	32.765090208848115	6.867533407906079	pt1
2	16.869976589710394	15.165789911698834	27.562108881554533	40.40212461703624	pt1
3	11.348030792100998	31.09118796673836	23.218942616177525	34.34183862498312	pt1
4	14.46516648194969	23.186497438283315	42.677281904595134	19.671054175171864	pt1
5	22.530175462577063	19.5561294179163	38.147626691815745	19.76606842769089	pt1
6	47.53347666568265	10.534404464552793	22.176183356404998	19.75593551335956	pt1
7	44.32783769574484	13.688508849643977	23.119986638529973	18.863666816081214	pt1
8	17.76679604075398	21.63599305048925	49.68314848284385	10.914062425912926	pt1
9	34.68870102813649	37.31179634650368	17.85498112036499	10.144521504994838	pt1
10	51.66466471384638	11.630527010503323	21.416818512873743	15.28798976277656	pt1
11	17.30576124854452	10.119792577426825	46.7414886921245	25.832957481904156	pt1
12	23.463217962129086	10.67413750428571	38.0455709211023	27.817073612482897	pt1
13	13.104134311811464	21.307242290895836	36.00907866643373	29.57954473085897	pt1
14	28.751542138403035	51.46918343327036	13.250156165655525	6.529118262671083	pt1
15	60.9479469188966	11.382123857270447	20.855167395956173	6.814761827876777	pt1
16	14.937558349996975	17.711862605479627	51.371263760789134	15.97931528373427	pt1
17	54.43693548603342	12.077700797010907	21.959125272927103	11.526238444028566	pt1
18	53.17076578003541	15.743093467509292	19.849052045365738	11.237088707089557	pt1
19	25.912770819677938	12.759876047240063	51.822362854039284	9.504990279042715	pt1
20	31.855536857314483	28.158811423763787	31.285239574260643	8.700412144661085	pt1
21	32.059184534722995	37.07685015756903	12.5551279409904	18.308837366717583	pt1
22	25.086904277685928	28.70643576005378	38.346190511873225	7.86046945038707	pt1
23	12.92339910045978	39.39753934706275	19.131151313677744	28.547910238799723	pt1
24	12.375844464982645	34.93181884795029	42.40698582109009	10.285350865976978	pt1
25	10.039631170999158	4.791859362439377	44.428685130771186	40.73982433579028	pt1
26	27.600385879437827	12.394473903040328	18.61522647553629	41.38991374198556	pt1
27	12.931589869390283	7.562947934843857	61.09474491334298	18.410717282422876	pt1
28	31.02944449456296	5.87396467091687	26.724970535611536	36.37162029890864	pt1
29	42.81207185876914	11.421612656843644	7.361386377749292	38.40492910663792	pt1
30	40.586803315829016	7.274271622483649	6.386251039427486	45.752674022259846	pt1
31	11.036897450766956	14.070662429828356	9.989625767075298	64.90281435232939	pt1
32	6.095757541027672	5.23690459175046	40.07302494212841	48.594312925093455	pt1
33	15.003488849763698	6.757474189686078	65.57515003648278	12.66388692406743	pt1
34	15.72105932142874	15.307048654584346	15.781042469020608	53.1908495549663	pt1
35	20.35466439295979	20.684427178326	29.633195367510464	29.32771306120375	pt1
36	19.932048342857573	20.534270373302615	23.18592338835254	36.34775789548728	pt1
37	23.89070797002808	23.42714886624235	17.610585825883277	35.071557337846286	pt1
38	26.0097119741975	22.81413011162464	19.365388253736587	31.810769660441274	pt1
39	31.678822087309307	18.611714764045026	19.32585325990664	30.383609888739034	pt1
40	29.0249041636787	22.14682212955831	20.49170894088692	28.33656476587607	pt1
41	29.291572891880136	22.24597551739511	24.892975888018135	23.569475702706622	pt1
42	25.4095388994817	19.987512420442034	26.659639605768454	27.94330907430781	pt1
43	23.920499152927565	27.55092764761787	20.416511714391966	28.1120614850626	pt1
44	22.036227095853917	22.750490334896114	22.274314842201314	32.938967727048656	pt1
45	17.949306405548757	19.597868217054263	30.581905344757242	31.870920032639738	pt1
46	26.051632736284073	22.649706703472503	24.293422001944855	27.005238558298565	pt1
47	26.790387342935336	21.328831978265647	19.900517389480413	31.980263289318607	pt1
48	23.56511891279728	18.049830124575312	27.209513023782563	31.17553793884485	pt1
49	26.18582749511887	17.77305616170897	30.63052716205352	25.41058918111864	pt1
50	22.42759676970203	18.8213589529379	29.80367585630744	28.947368421052634	pt1
51	23.394335004079732	19.124218051831992	21.57594125189416	35.90550569219412	pt1
52	15.933422911880715	24.74968575267652	22.738502882406483	36.57838845303628	pt1
53	29.407825504639817	21.276188653974938	22.428967760451545	26.887018080933707	pt1
54	19.693630744423544	20.15587207739855	23.106691749529695	37.04380542864821	pt1
55	19.298665549637963	18.562623421698284	37.783495900903596	24.355215127760157	pt1
56	28.342106973419117	12.803015532592449	18.054201598752194	40.80067589523624	pt1
57	17.86133149361849	13.225250086236635	30.98309761986892	37.93032080027596	pt1
58	31.63056206088993	15.24443793911007	18.874414519906324	34.250585480093676	pt1
59	21.856850017082337	29.193713700034163	23.864024598565084	25.085411684318416	pt1
60	26.95063303562666	19.894003336931988	31.730297379526938	21.42506624791442	pt1
61	24.221832529592284	20.276194651468654	35.59842174484875	19.903551074090313	pt1
62	32.60216346153847	24.894831730769234	19.12560096153846	23.377403846153847	pt1
63	25.023290478852246	32.271287497670954	9.94969256567915	32.75572945779765	pt1
64	50.548926014319804	21.503579952267305	19.761336515513126	8.186157517899762	pt1
65	37.38656987295826	38.95946763460375	12.008469449485784	11.645493042952209	pt1
66	10.655737704918032	62.473271560940844	18.8168210976479	8.05416963649323	pt1
67	30.37974683544304	20.018752930145336	38.349742147210506	11.251758087201125	pt1
68	36.69661368348307	51.27850725639254	4.14651002073255	7.8783690393918455	pt1
