Base	G	A	T	C	sample
1	25.840270690150714	22.450546922727167	44.69963129635021	7.009551090771908	pt4
2	26.69140325068142	22.04906310654132	25.470146156469482	25.78938748630778	pt4
3	14.828233091990779	28.253485116316824	25.301924382519964	31.61635740917243	pt4
4	21.8626782569987	29.470533080890725	29.993426013539775	18.673362648570805	pt4
5	26.26608526188205	26.7183516599271	29.67208750069824	17.343475577492605	pt4
6	35.41386744522131	14.363600275981902	30.819594829770764	19.402937449026027	pt4
7	32.601121625604215	22.13701156546437	20.939463624610365	24.322403184321047	pt4
8	19.668151358867668	29.18251245027562	36.455343500831354	14.69399269002535	pt4
9	20.60566148730994	39.74647415479673	28.98537890341202	10.66248545448131	pt4
10	39.67909939827373	18.78891652270535	19.596173090883642	21.93581098813728	pt4
11	25.10799788467916	11.038425340826588	34.87122177704877	28.98235499744548	pt4
12	23.711774427346132	16.589757249092706	32.24767988011196	27.450788443449202	pt4
13	16.025131268780726	20.929104604435427	39.84755568947069	23.198208437313163	pt4
14	26.857978128969595	43.132639148076	22.294317769916418	7.715064953037984	pt4
15	52.63417658381589	18.212179715350977	19.923388104124832	9.230255596708304	pt4
16	14.572408359288438	18.601176433807385	44.09149342787789	22.734921779026287	pt4
17	38.31258775451903	22.19787330479297	27.793848254496694	11.695690686191309	pt4
18	43.92324443140837	17.089072061138165	22.89772602610012	16.089957481353345	pt4
19	27.569643845796456	16.58045059991412	41.595350159099574	14.25455539518985	pt4
20	37.762148279222934	19.788343559637276	34.06128596538994	8.388222195749849	pt4
21	23.052282840561535	32.65139120001659	21.369517108499952	22.926808850921923	pt4
22	25.913548738251187	17.84475460623474	47.39101093911998	8.850685716394093	pt4
23	11.784538812479147	28.40758829033524	23.46843850895634	36.33943438822927	pt4
24	12.152964845739758	38.87448199232228	35.302944420026435	13.669608741911524	pt4
25	13.413533060622868	6.657387721385614	32.18051016312802	47.7485690548635	pt4
26	34.752241519792	12.127604981200577	19.945958286808473	33.174195212198946	pt4
27	14.006805864329621	8.698155940265947	59.89952165794945	17.395516537454977	pt4
28	28.666791402045572	7.46705030182172	34.73561719829823	29.130541097834477	pt4
29	29.700778319114175	13.053162793719816	12.89771097740305	44.34834790976296	pt4
30	49.57202400005311	8.740206446488465	6.835082021104966	34.85268753235346	pt4
31	11.513550485861055	18.499403261491196	9.689878542166337	60.29716771048142	pt4
32	7.618928779619287	6.783219322865354	27.35215266538657	58.245699232128786	pt4
33	11.682416337412498	9.267027614780831	62.38332178891286	16.667234258893814	pt4
34	19.390146002075486	19.09130514237976	14.557049805178277	46.96149905036647	pt4
35	19.8450420614721	26.907368387237142	27.701432908264962	25.546156643025796	pt4
36	15.078427930874913	18.663134883275625	23.18809937927843	43.07033780657103	pt4
37	24.666052577286635	23.239602372283453	14.768655870704158	37.32568917972575	pt4
38	25.53925831153061	23.203334188842877	23.039765871298165	28.217641628328348	pt4
39	34.97267499881196	16.611224635270634	23.577436677279856	24.838663688637553	pt4
40	26.832749064380124	20.50665592875077	25.326874792742434	27.33372021412668	pt4
41	33.06017244156808	17.15660524048665	27.782563930154865	22.00065838779041	pt4
42	25.103212762704093	20.581389422178425	25.911075621400297	28.404322193717192	pt4
43	24.081149384116372	26.537719141145804	22.298171253457504	27.082960221280324	pt4
44	22.07843850121566	24.644958985662026	23.8962484946261	29.38035401849622	pt4
45	14.368169136655663	25.855537638536948	28.884793570349892	30.891499654457498	pt4
46	24.081595399990874	18.804666940476732	27.37796437426794	29.735773285264454	pt4
47	22.643587726199844	25.505726025002183	21.0140746568756	30.83661159192237	pt4
48	22.86115276656285	18.862229399776982	28.79609335948014	29.48052447418003	pt4
49	24.369950560713853	18.941275774749787	31.0454600265284	25.64331363800796	pt4
50	22.339084083223476	17.93431535507537	31.283315183126035	28.443285378575112	pt4
51	17.431817478252796	18.982757019471876	21.9639042813361	41.621521220939236	pt4
52	9.668782229274097	32.206135131561545	24.52069284675393	33.60438979241042	pt4
53	31.83672046571618	24.08407989681737	21.76595670512776	22.31324293233869	pt4
54	14.917250633666319	23.684210526315788	23.00954226927091	38.38899657074698	pt4
55	19.988163345827576	23.24718879463405	37.13947524166502	19.62517261787335	pt4
56	25.38259009379628	13.690965937140037	19.063682738193187	41.86276123087049	pt4
57	18.256677190886595	10.346445942486561	38.138919703046334	33.25795716358051	pt4
58	28.450133609171623	19.07594172916128	21.730885268511337	30.74303939315576	pt4
59	20.996098453831706	33.46659602138625	21.57892201724387	23.958383507538173	pt4
60	22.402580235816636	19.272458097604822	37.39755723576376	20.927404430814782	pt4
61	25.48950014788524	22.218278615794144	42.49630286897368	9.795918367346939	pt4
62	19.93895396799208	30.374525655832368	19.740966837155586	29.945553539019965	pt4
63	27.35402419779064	17.496054708048394	12.403997895844293	42.745923198316675	pt4
64	56.53731343283582	13.492537313432837	24.119402985074625	5.850746268656716	pt4
65	50.02179598953792	30.209241499564083	5.427201394943331	14.341761115954665	pt4
66	22.06119162640902	43.23671497584541	20.28985507246377	14.412238325281804	pt4
67	49.772647778943686	17.20881427072403	16.928996152500876	16.089541797831412	pt4
68	57.68585802124092	22.302962548910006	8.49636668529905	11.514812744550028	pt4
