Base	G	A	T	C	sample
1	19.2928968886965	25.69996818939097	46.821891655479035	8.18524326643349	pc4
2	28.284253736506926	27.40431786114946	20.258679619283043	24.05274878306058	pc4
3	13.503250346620414	24.095896955292464	18.37706613910915	44.023786558977974	pc4
4	22.02240052663324	34.04731265119412	23.750133426634093	20.180153395538547	pc4
5	29.681391189728224	26.662700394571115	31.407387086568605	12.248521329132055	pc4
6	37.727159964094334	13.973214529277334	33.92001715050628	14.379608356122048	pc4
7	24.241814862457623	23.27440675736991	24.78583790376575	27.697940476406725	pc4
8	21.309670520394462	32.68267979142115	26.590792389080164	19.41685729910422	pc4
9	21.191225363328048	34.06409305634593	28.87482202827496	15.869859552051057	pc4
10	35.47624255858967	19.68144075614254	20.88085989801606	23.961456787251727	pc4
11	31.69652364696203	14.494748877996381	24.877902154583285	28.930825320458304	pc4
12	17.49143827756768	14.136935302992242	34.85934329196021	33.51228312747987	pc4
13	22.04698406373505	20.89650051223961	39.17302106732621	17.88349435669913	pc4
14	37.26758171502792	34.34386477859716	19.880064619890867	8.508488886484052	pc4
15	44.4437747705784	17.35884521181795	28.416519343764968	9.780860673838681	pc4
16	14.343491773697359	21.6761776414353	35.71701957949055	28.263311005376796	pc4
17	39.778111245923306	19.67950086840574	28.91308747364118	11.629300412029783	pc4
18	37.606402109475106	16.598654433313857	29.3172720219531	16.477671435257935	pc4
19	32.476501266726025	15.75777355725515	38.6528382518419	13.11288692417693	pc4
20	50.41165140698794	16.958974557061698	24.850437002481	7.778937033469354	pc4
21	25.914770468823217	28.890401603038168	22.843195141911927	22.35163278622669	pc4
22	32.129493316864135	13.402453989091583	45.773944369843036	8.694108324201244	pc4
23	15.379859657100752	26.20028162941514	37.67955380986476	20.740304903619347	pc4
24	13.690589367872501	41.475858557197	32.491365350473764	12.34218672445674	pc4
25	14.221647535208817	8.560260805477812	49.01238988423683	28.20570177507654	pc4
26	22.302302381634046	14.819923660114142	20.54587080073665	42.33190315751516	pc4
27	17.188880588683773	27.15176063964393	32.69706081565015	22.96229795602215	pc4
28	49.09469951801376	8.925742396919198	18.830407395052504	23.14915069001454	pc4
29	28.92622200325581	28.640284275693322	14.320354132010038	28.113139589040838	pc4
30	32.02715708167992	25.68198963353563	10.288371008105042	32.002482276679416	pc4
31	19.352392041792385	13.822310592927463	10.669222699111055	56.1560746661691	pc4
32	11.776503337022504	7.781466948385149	43.58306658269767	36.858963131894676	pc4
33	18.435913516206316	8.26049340774416	52.30973985442577	20.99385322162375	pc4
34	23.344654356596983	14.776712967400682	10.802554528264071	51.07607814773827	pc4
35	28.457019384954158	23.745065823418617	25.08746694471838	22.710447846908842	pc4
36	21.21474093490421	17.902566057181062	23.70616505298841	37.176527954926314	pc4
37	26.67272948804749	22.046729781977092	14.771092903107489	36.50944782686793	pc4
38	21.529153275587344	31.560038788444917	15.29765574827951	31.613152187688225	pc4
39	26.155770946404644	23.541757745717952	15.175635953921999	35.12683535395541	pc4
40	21.384226258910093	36.06246313495357	16.1022523918542	26.451058214282142	pc4
41	29.537660101945207	32.513751843666086	19.295394533333933	18.653193521054778	pc4
42	39.019949641681194	27.144683323649044	15.761120795403189	18.074246239266575	pc4
43	41.69849873712291	30.17453245168431	12.318869370264212	15.808099440928569	pc4
44	28.726710442444407	39.89715843761342	13.296816242379142	18.079314877563032	pc4
45	17.95278869427166	38.706308721338786	17.909845665356688	25.43105691903287	pc4
46	16.887660497498512	20.61610047930588	23.621733198054788	38.87450582514082	pc4
47	14.424433303505488	13.316244192362248	33.11984932379363	39.139473180338626	pc4
48	12.015912349160235	9.186628309930027	25.410863311401634	53.386596029508105	pc4
49	16.52553615695431	15.536990849891213	22.12249167999636	45.814981313158114	pc4
50	15.148569391788987	26.743570633917674	16.6466845965242	41.46117537776914	pc4
51	21.366997535140897	32.666711078542406	13.708613683298914	32.25767770301779	pc4
52	29.7519111495745	35.93393913168902	12.923698254723783	21.390451464012695	pc4
53	38.389825276285734	33.589553621040935	10.98814595295425	17.032475149719083	pc4
54	27.36317589790817	39.068872516774114	9.921391922115511	23.64655966320221	pc4
55	20.36663770634231	39.68201563857515	16.514335360556036	23.4370112945265	pc4
56	13.432863229028941	32.14889084765682	19.318348758630822	35.09989716468341	pc4
57	9.761844488150643	19.86057289739645	30.34486787529453	40.03271473915838	pc4
58	14.049210897348432	13.623959612498293	25.153499795333605	47.173329694819664	pc4
59	13.163277956855937	19.929333002727496	27.591123233325064	39.3162658070915	pc4
60	13.384020728029563	19.13095187529202	28.530773478316274	38.95425391836215	pc4
61	21.198619391277063	24.192030122372138	34.80389080640101	19.805459679949795	pc4
62	15.47512925655197	25.869138883936532	19.12105544660367	39.53467641290783	pc4
63	24.767202805659693	12.649655339218768	20.11125891885355	42.47188293626799	pc4
64	48.683234421364986	11.554154302670623	16.8026706231454	22.959940652818993	pc4
65	44.87084870848708	28.044280442804425	8.671586715867159	18.41328413284133	pc4
66	21.591460456089276	40.756914119359536	22.173702086365843	15.477923338185349	pc4
67	52.54798146922568	17.207147584381204	15.354070152217075	14.890800794176043	pc4
68	58.35322195704057	22.315035799522672	8.233890214797137	11.097852028639618	pc4
