Base	G	A	T	C	sample
1	47.65236833492696	14.756187017620917	32.093609182286556	5.497835465165567	pc6
2	25.90338189708988	14.735262765790399	17.093839027431116	42.26751630968861	pc6
3	8.900874265044672	29.615648996548078	17.723463552774632	43.760013185632616	pc6
4	13.228104841374662	18.541207963171285	46.568298879202366	21.662388316251686	pc6
5	29.612688996385145	16.029285588696276	40.916187716935994	13.441837697982589	pc6
6	55.55558140810124	8.874440390206306	20.717504146608583	14.852474055083864	pc6
7	38.92667132683141	13.641703678419454	30.21179643816851	17.21982855658063	pc6
8	18.530844589196295	18.196292490383538	43.407067355705266	19.8657955647149	pc6
9	35.094616409585186	27.839965358158647	16.74917434156888	20.316243890687282	pc6
10	56.1804980292925	10.962305302356153	18.528832283570086	14.328364384781258	pc6
11	17.54339077181814	19.6409043476861	41.88179634481302	20.93390853568274	pc6
12	18.03424182288957	9.848376402182106	46.854895599258946	25.26248617566938	pc6
13	22.473499193155003	17.962493294109073	33.52282027809851	26.04118723463742	pc6
14	36.648579583543054	45.8706400646562	11.876916273696143	5.603864078104605	pc6
15	52.541406804120975	9.892374977809613	31.751591938125124	5.814626279944287	pc6
16	15.286083516846174	21.35442380552525	46.73694266758906	16.622550010039518	pc6
17	62.123995144054376	10.580679159522719	17.686596565056746	9.608729131366157	pc6
18	48.69095569854466	10.360421121643846	31.18512870292274	9.763494476888754	pc6
19	31.533956960769466	12.36571097160563	48.607260993450915	7.4930710741739865	pc6
20	39.568696731574136	26.609320041077737	27.70767793984134	6.114305287506778	pc6
21	40.67259581383906	35.14267982370314	12.26349338584691	11.921230976610895	pc6
22	27.469319232560952	26.502092687724645	40.16516438014241	5.863423699572002	pc6
23	12.631382653231043	34.96695857596284	33.699692159585425	18.701966611220687	pc6
24	8.685791829259783	43.94515181749084	40.15614597262589	7.21291038062349	pc6
25	6.318470397380856	3.2878448695807285	60.25842866313613	30.135256069902276	pc6
26	17.64229029571131	9.169654783260732	20.212301422988915	52.97575349803905	pc6
27	11.09535796763768	21.84389679888306	45.263499984191796	21.797245249287467	pc6
28	49.19182690124547	3.4247992379199683	16.427116116904834	30.956257743929733	pc6
29	38.075008202627416	25.289333608898723	6.36078573128836	30.274872457185502	pc6
30	30.505109102969058	22.389409408598137	4.824690092643402	42.2807913957894	pc6
31	14.014505370368077	9.681818924685558	8.567002109298578	67.73667359564779	pc6
32	6.674131492009748	4.098603046336289	54.8047855797909	34.42247988186306	pc6
33	16.54035924388815	5.807102368831426	61.73153243838646	15.921005948893969	pc6
34	14.481059797893595	8.672208303009501	8.39467672335642	68.45205517574048	pc6
35	20.03395426601726	29.71595815353468	25.197158527055034	25.052929053393026	pc6
36	14.792074870084825	19.134497194805828	16.99972008908469	49.073707846024654	pc6
37	17.674812685860484	21.257916664359275	16.27284088035338	44.79442976942686	pc6
38	23.58013418733411	36.09048469467682	17.016681660915143	23.31269945707393	pc6
39	31.02279433803104	22.707820277907384	19.80576764421428	26.463617739847294	pc6
40	29.672908127094033	19.47400431132208	23.285097868450695	27.567989693133192	pc6
41	34.91386257029679	15.893225212692865	25.114722672253652	24.078189544756686	pc6
42	21.98524687074305	24.357056570797027	23.651785025830826	30.005911532629092	pc6
43	26.14999694880088	19.898700189174345	20.19100506499054	33.760297797034234	pc6
44	26.714334880911412	16.750366993741792	30.67014110821574	25.865157017131057	pc6
45	23.79071188782696	20.384952655960742	30.270069178100396	25.55426627811191	pc6
46	32.650690860480154	15.148526785225119	26.78741658722593	25.4133657670688	pc6
47	28.887784982221294	21.317454507425225	21.432493202258943	28.36226730809454	pc6
48	24.215972526890667	17.797007609567178	28.7151480310434	29.271871832498753	pc6
49	25.288352300078948	18.19459688444727	30.03870371440125	26.478347101072536	pc6
50	22.713918897036713	18.043443059057577	30.73631127252539	28.506326771380326	pc6
51	18.324620616149826	18.448967162361065	22.763031010506012	40.4633812109831	pc6
52	13.615165148688687	28.596510479534732	26.308570174476024	31.479754197300558	pc6
53	33.18645571491942	20.449504657696288	24.752328848144316	21.61171077923998	pc6
54	17.102130019245195	24.082591251590173	23.48240206151939	35.33287666764524	pc6
55	23.148960050506822	21.46890673775034	33.75890007365578	21.623233138087052	pc6
56	22.491079393398753	14.934582218257509	21.372286648825455	41.20205173951829	pc6
57	19.441878367975367	9.826789838337183	38.656658968437256	32.0746728252502	pc6
58	28.308121019108277	16.727707006369428	22.356687898089174	32.60748407643312	pc6
59	20.61418836274681	31.591822470732133	24.23990913856369	23.554080027957365	pc6
60	24.194087587754908	20.40689622236019	35.46969769329959	19.929318496585317	pc6
61	23.952665222674206	24.05832320777643	39.8858893760896	12.103122193459772	pc6
62	22.089766606822263	25.63734290843806	20.96947935368043	31.303411131059246	pc6
63	27.46620387285349	16.18560467665327	12.449762513701131	43.89842893679211	pc6
64	52.52700360048006	14.028537138285104	26.123483131084146	7.3209761301506875	pc6
65	51.60738063534335	25.81320144569146	6.905078942362564	15.674338976602625	pc6
66	22.306376740776937	44.148546298558514	20.840459320791595	12.704617639872954	pc6
67	53.35700451904455	16.752743705616528	17.23692704970949	12.653324725629439	pc6
68	60.73354908306364	19.902912621359224	9.65480043149946	9.70873786407767	pc6
