Base	G	A	T	C	sample
1	6.80614761997	34.2358952233	47.8783612887	11.0795958681	cc7
2	23.1877468494	38.2728330445	20.9614128881	17.5780072181	cc7
3	15.5968721657	21.2588136589	17.9269036442	45.2174105312	cc7
4	24.4078853228	46.6117357736	13.9682270933	15.0121518103	cc7
5	21.8173663814	28.1510215567	37.445945374	12.5856666879	cc7
6	24.5457580365	15.9667781874	44.0091586618	15.4783051143	cc7
7	19.2924367162	22.8887334795	18.738406555	39.0804232493	cc7
8	18.7949649579	43.5231074571	20.9931659985	16.6887615865	cc7
9	17.2205283339	40.4993159333	31.1050774248	11.175078308	cc7
10	26.2910585842	19.1078192464	21.74416738	32.8569547894	cc7
11	41.002809034	7.62244183211	18.4947199381	32.8800291957	cc7
12	16.7666724251	14.2701705251	29.3014631751	39.6616938747	cc7
13	18.2954515113	20.9316258144	43.4162728292	17.3566498451	cc7
14	39.9225975718	28.0488260098	21.1718726739	10.8567037444	cc7
15	40.9672111888	17.6103905938	30.0248606772	11.3975375402	cc7
16	14.6376501656	14.7878282229	28.4317569155	42.142764696	cc7
17	35.2218536958	20.0536254981	32.4889974409	12.2355233652	cc7
18	41.3312849263	15.4346114326	22.3044741263	20.9296295148	cc7
19	28.3806168212	13.3734132166	42.6548381668	15.5911317955	cc7
20	58.5035261856	14.6745083696	17.8458342013	8.97613124352	cc7
21	17.060655089	31.1326744187	24.0121148591	27.7945556331	cc7
22	42.7889740682	10.5255977922	36.2759302409	10.4094978987	cc7
23	13.2559785823	23.914954596	43.6254840698	19.2035827519	cc7
24	19.8431737705	19.4201291524	41.286714314	19.4499827631	cc7
25	22.6586489574	17.7947951844	21.775864017	37.7706918413	cc7
26	13.4569113928	18.2276496781	26.8963676128	41.4190713164	cc7
27	14.3070440856	18.864915307	29.4465967254	37.381443882	cc7
28	15.9146606812	28.8964980188	19.9411373995	35.2477039005	cc7
1	22.2560439824	27.8415958232	43.3050856074	6.59727458698	pc5
2	21.8618930904	29.6430358603	25.2698150285	23.2252560208	pc5
3	10.6652182965	23.2933778715	17.5869537013	48.4544501307	pc5
4	16.880214031	42.0566218202	24.894746971	16.1684171778	pc5
5	25.4250427762	23.8770791023	35.9593843277	14.7384937938	pc5
6	36.5134407625	13.3548428737	35.0417935937	15.08992277	pc5
7	26.0098328427	20.588572131	24.0848696303	29.316725396	pc5
8	17.9035687707	37.6070420649	31.0364496293	13.4529395351	pc5
9	20.5387021419	41.7115592771	24.4310669239	13.3186716571	pc5
10	34.4974124409	17.1056095899	21.8800690715	26.5169088976	pc5
11	34.4680007291	10.9123326166	26.8060916934	27.8135749609	pc5
12	17.6357128851	12.2685105459	31.825173664	38.270602905	pc5
13	15.4992107858	23.1531980755	42.7132282062	18.6343629325	pc5
14	41.0529717669	35.2319139058	16.8556083845	6.85950594283	pc5
15	47.3109692593	13.1447268669	31.5142451856	8.03005868825	pc5
16	12.1479830105	21.6087587522	37.9824477054	28.260810532	pc5
17	45.1442546758	16.1093324971	28.5792378294	10.1671749978	pc5
18	44.1770362541	16.7373594853	23.9777753828	15.1078288778	pc5
19	29.1721983808	14.2487349047	46.7315620781	9.84750463641	pc5
20	52.4017237532	16.57779127	24.5204288354	6.5000561414	pc5
21	23.2810838321	36.5165587641	19.3317258877	20.8706315162	pc5
22	34.8005519331	16.3312576965	42.399030681	6.46915968938	pc5
23	11.8645526477	28.0109712096	36.4081339804	23.7163421623	pc5
24	13.3828477078	39.7474318852	35.370037281	11.499683126	pc5
25	12.2929756633	6.53568972046	42.4878664224	38.6834681938	pc5
26	26.4606261712	13.3407312662	21.1399767321	39.0586658305	pc5
27	14.2621033854	16.9327541166	48.7332781946	20.0718643035	pc5
28	38.1631689152	7.17270594438	26.5892438193	28.0748813211	pc5
29	33.1960339466	19.3561979292	12.4788701325	34.9688979917	pc5
30	39.2789945865	16.3253215552	7.94539150486	36.4502923534	pc5
31	15.0466882086	15.9897288336	11.4487096042	57.5148733536	pc5
32	9.93349616469	7.17879399796	38.6178768139	44.2698330234	pc5
33	16.9438726951	8.59890924531	58.4779353119	15.9792827477	pc5
34	20.372879838	20.6955733776	13.6648370683	45.266709716	pc5
35	23.8279427331	20.7771658336	32.5692087177	22.8256827157	pc5
36	20.1405895916	18.501283816	28.3240208277	33.0341057647	pc5
37	25.9079110956	24.3293688012	16.8666589806	32.8960611226	pc5
38	23.3124035931	28.0152436258	19.0842936213	29.5880591598	pc5
39	26.92190817	21.5505315701	21.0086551477	30.5189051121	pc5
40	22.7588526425	28.8609403539	23.874393621	24.5058133826	pc5
41	29.9823146737	25.7972613334	23.4014967131	20.8189272798	pc5
42	32.299085105	23.4637662081	21.2222734154	23.0148752715	pc5
43	34.8302847133	25.5478151659	18.397482272	21.2244178488	pc5
44	28.4159854388	33.6026312428	17.0719440542	20.9094392643	pc5
45	20.2006257266	34.1119298366	22.1726902824	23.5147541544	pc5
46	22.5935610775	18.7779378108	26.0055281324	32.6229729793	pc5
47	19.4840656774	17.2015746981	30.6691440274	32.6452155971	pc5
48	20.9501503181	13.8502412081	23.4933230791	41.7062853947	pc5
49	21.2202927525	19.3675368653	21.4054908525	38.0066795298	pc5
50	20.5298323541	25.6875919522	19.852314151	33.9302615426	pc5
51	20.7555904434	31.974719723	14.1949962764	33.0746935572	pc5
52	20.9589458531	39.9224521105	15.1176353148	24.0009667217	pc5
53	37.4243714916	29.8789943866	13.9134613284	18.7831727934	pc5
54	24.391469151	33.0467643969	14.787413801	27.774352651	pc5
55	19.671877234	34.8627460325	25.2454367822	20.2199399514	pc5
56	17.2392463474	25.3300013608	18.4590451919	38.9717070998	pc5
57	12.5043678577	15.6518137934	33.2552511356	38.5885672132	pc5
58	19.2778752051	14.9742603383	27.2246421904	38.5232222662	pc5
59	18.2739384841	25.258022143	24.8127740153	31.6552653576	pc5
60	20.2779781027	21.3138399003	28.5626871217	29.8454948753	pc5
61	20.1442513943	25.0884813385	41.1974474474	13.5698198198	pc5
62	18.5795647418	24.0146343303	23.76947158	33.6363293479	pc5
63	17.303346605	17.3948133003	14.8660281933	50.4358119014	pc5
64	44.2639767482	17.0456488289	24.7136262609	13.9767481621	pc5
65	45.3603391427	28.709373528	5.65237870937	20.2779086199	pc5
66	15.6319126972	44.0495502138	23.2119156467	17.1066214423	pc5
67	34.6861255498	20.3518592563	27.6289484206	17.3330667733	pc5
68	46.8485418627	32.6434619003	7.9648792725	12.5431169646	pc5
1	4.76598284971	22.332528077	63.0134066805	9.88808239278	ct1
2	32.0467844981	27.5243051153	15.7125149555	24.7163954312	ct1
3	20.7698073757	32.381996411	15.1233591715	31.7248370418	ct1
4	32.7540737425	31.2226760331	20.8229634599	15.2002867645	ct1
5	32.7709919135	32.6302340951	23.1896643308	11.4091096606	ct1
6	24.1891524591	11.915904033	43.3779944839	20.5169490239	ct1
7	23.0782942945	34.3119050871	16.1754491985	26.4343514199	ct1
8	28.4058990799	38.4008355512	16.6176180444	16.5756473245	ct1
9	16.5405842736	27.7800236372	38.7304415924	16.9489504969	ct1
10	18.173211312	30.970417679	26.4970453551	24.3593256539	ct1
11	40.7651861019	7.996346533	15.0381282328	36.2003391322	ct1
12	17.0016183976	17.5617522845	32.0733563193	33.3632729987	ct1
13	15.6216205626	16.2991154101	48.0661236296	20.0131403978	ct1
14	29.8569350253	30.039477809	29.2503631539	10.8532240119	ct1
15	52.089716285	16.3145761499	18.9961059164	12.5996016486	ct1
16	12.5449761512	14.6097329785	34.0857068351	38.7595840353	ct1
17	32.6276126497	27.396063141	27.9412961806	12.0350280288	ct1
18	35.9025972147	12.3469110454	31.5781516028	20.172340137	ct1
19	26.7999646522	25.1293422488	31.4340365499	16.6366565491	ct1
20	60.5484413736	12.1042461526	19.3030580964	8.04425437737	ct1
21	14.4778407356	19.4671845714	38.6265925607	27.4283821323	ct1
22	29.5116140695	9.34288370999	52.4427441194	8.70275810112	ct1
23	18.161491871	28.7791698998	33.5575356621	19.5018025671	ct1
24	15.6690663444	17.4914622043	44.2055427459	22.6339287053	ct1
25	19.6341647176	17.4374496354	25.6910185604	37.2373670866	ct1
26	17.6175492223	16.8776409242	29.5666636699	35.9381461836	ct1
27	16.7528112551	13.8016237204	29.0668650093	40.3787000151	ct1
28	14.3464109126	22.8638159366	22.0563023331	40.7334708177	ct1
1	6.97823811621	32.4644113872	49.9312049785	10.6261455181	cc6
2	25.3726125484	36.6111215466	20.6096909005	17.4065750045	cc6
3	16.7442982809	22.527323872	17.725525886	43.0028519611	cc6
4	25.3961779084	43.5934514958	14.3736260193	16.6367445766	cc6
5	23.9325799728	29.5174166341	34.7339149813	11.8160884117	cc6
6	27.3548888761	14.2689340215	42.7543697645	15.6218073378	cc6
7	18.8016379423	24.4359450505	20.7908035583	35.9716134489	cc6
8	21.3370912683	42.2419762714	20.1441187442	16.276813716	cc6
9	16.447104868	39.7468810977	32.8207631509	10.9852508834	cc6
10	25.3628198083	21.7015929223	21.8526889122	31.0828983572	cc6
11	40.6392504037	8.08121026571	18.8186779712	32.4608613594	cc6
12	17.8138591396	15.0880300205	29.0170919903	38.0810188496	cc6
13	18.1812711374	20.7938923799	43.2424067631	17.7824297196	cc6
14	38.2482740339	27.5323901595	22.6787263236	11.540609483	cc6
15	42.5873339455	17.9793472792	27.9976439539	11.4356748214	cc6
16	14.9884059096	16.0656467916	28.5610748638	40.384872435	cc6
17	33.4432968201	21.3620663088	32.9206609507	12.2739759205	cc6
18	39.4784122764	16.4870001633	23.2621231907	20.7724643695	cc6
19	29.5068030131	14.8531526387	39.2932000571	16.3468442911	cc6
20	56.8390695475	14.1513542378	19.9554490367	9.05412717793	cc6
21	15.7725630485	28.5062534048	26.8590077	28.8621758468	cc6
22	40.4266728057	10.6171294145	38.7054844478	10.250713332	cc6
23	13.2817128886	24.1323973572	41.403042037	21.1828477172	cc6
24	18.641162773	18.1331611807	42.7422598336	20.4834162127	cc6
25	23.0990433487	17.2900851765	23.2056778502	36.4051936247	cc6
26	13.8212680243	17.4942887322	28.1086491931	40.5757940505	cc6
27	13.7990242268	15.5568817137	29.9987436397	40.6453504198	cc6
28	14.2143163134	25.9929418005	23.5960098733	36.1967320128	cc6
1	9.75333501599	26.904914657	47.9693400536	15.3724102734	ct3
2	26.7690156405	30.1423661257	21.2323716861	21.8562465477	ct3
3	19.5559243553	25.3185467049	18.1286326648	36.9968962751	ct3
4	28.567923907	34.1629452089	14.7836359516	22.4854949325	ct3
5	26.1655292236	31.0378570331	27.9836473693	14.812966374	ct3
6	30.4815910977	15.792184371	33.8978989176	19.8283256137	ct3
7	20.9992544984	25.5839243013	20.6374130325	32.7794081678	ct3
8	24.413508797	34.5419712265	19.4543096996	21.5902102769	ct3
9	18.1045393681	34.5941660505	32.3926607812	14.9086338001	ct3
10	26.616552189	22.8152274477	22.7224706209	27.8457497425	ct3
11	33.8333413396	9.97998550067	20.9352653058	35.2514078539	ct3
12	20.578990668	15.7541112162	28.4069634214	35.2599346943	ct3
13	22.4990617018	21.7895304072	33.9994532476	21.7119546434	ct3
14	33.8473781003	27.6085421911	23.5646980951	14.9793816134	ct3
15	41.3855458587	22.3942612732	22.1238417074	14.0963511607	ct3
16	19.1944799838	17.260024767	28.3546037966	35.1908914526	ct3
17	26.451445404	23.6327856421	32.2774688736	17.6383000803	ct3
18	32.7383886755	19.1452708038	23.8092045277	24.307135993	ct3
19	31.1704522083	16.80913207	30.4991422495	21.5212734722	ct3
20	48.7510698183	15.5399594215	22.7703137335	12.9386570266	ct3
21	19.4251303642	21.2700041646	27.5000489128	31.8048165584	ct3
22	31.2104326913	10.8233963315	42.9748388434	14.9913321338	ct3
23	17.150152763	23.5127415723	33.7379689602	25.5991367045	ct3
24	21.275526077	18.4715169022	33.2483992046	27.0045578161	ct3
25	21.9233167145	15.9516406624	21.6065436834	40.5184989397	ct3
26	16.8627600854	15.1688951251	25.3528316618	42.6155131278	ct3
27	15.1547094934	13.6752030756	26.3347181745	44.8353692565	ct3
28	16.5369352255	21.8214455329	22.1732095854	39.4684096562	ct3
1	29.1542345792	21.700048307	41.6196590659	7.52605804791	pc7
2	25.9412408898	21.7024510959	19.0538947184	33.3024132959	pc7
3	12.9262034802	23.8705448901	18.1791644656	45.0240871641	pc7
4	18.6201152359	28.5311964697	28.4515537256	24.3971345688	pc7
5	30.8958449953	22.3676705523	34.4582506623	12.2782337902	pc7
6	44.453324559	14.3039111694	27.8707325834	13.3720316882	pc7
7	29.2123695987	19.4889361168	25.353786117	25.9449081675	pc7
8	19.3264834394	26.5283091751	36.5200700013	17.6251373842	pc7
9	25.1050124684	33.3463106522	24.6792964719	16.8693804075	pc7
10	43.3815067991	16.1239274066	19.6709263702	20.823639424	pc7
11	24.7415882826	15.9043781078	30.4317397537	28.9222938558	pc7
12	17.2767134748	14.2208392886	39.3455624109	29.1568848257	pc7
13	20.7126799387	20.4277430191	36.3931560289	22.4664210133	pc7
14	34.0442400098	41.3374989263	17.4715322545	7.14672880947	pc7
15	48.6205482698	14.8779367864	27.956284703	8.54523024087	pc7
16	14.6696679866	20.3146521845	42.5336776904	22.4820021385	pc7
17	43.7298956961	16.7981700754	25.4717677376	14.0001664909	pc7
18	43.0425305039	14.5110047677	27.4810395166	14.9654252118	pc7
19	33.1680556104	14.1097949477	41.8141315638	10.9080178782	pc7
20	41.2125433304	20.4606961476	30.3298459556	7.99691456637	pc7
21	28.9682389952	34.141332294	18.655392877	18.2350358338	pc7
22	34.8450384653	17.117075301	39.5631641589	8.47472207492	pc7
23	15.289756207	32.2312143501	31.2040830799	21.274946363	pc7
24	16.7124976385	38.8306858012	32.3967291522	12.0600874082	pc7
25	11.3598061617	5.9740838326	47.6468956356	35.0192143701	pc7
26	18.4171751591	17.088455113	22.892385035	41.6019846929	pc7
27	15.9324189184	18.5786116393	42.3321068606	23.1568625817	pc7
28	51.1878811172	6.64907958215	17.061833493	25.1012058076	pc7
29	35.8132250283	25.4533973586	10.8334681907	27.8999094224	pc7
30	38.220431997	19.2522637259	7.4618356463	35.0654686308	pc7
31	18.9475078945	20.6288759044	9.21879535531	51.2048208458	pc7
32	9.70363622681	5.82027265514	40.4007824202	44.0753086979	pc7
33	14.3425327831	5.91029046814	60.3225961557	19.424580593	pc7
34	12.6683043773	14.9803940544	8.83757090658	63.5137306617	pc7
35	17.0098589268	25.7430703419	31.4235981432	25.8234725881	pc7
36	13.8207260075	19.2320385145	21.3240290001	45.6232064779	pc7
37	19.7530223853	23.6050778667	13.6164743953	43.0254253527	pc7
38	22.5163321812	33.4048752239	17.2531171393	26.8256754556	pc7
39	31.8073080238	20.8088215769	18.4049997948	28.9788706045	pc7
40	26.8256667932	23.116195236	23.0148647881	27.0432731827	pc7
41	32.4284074914	17.3244400539	27.129949084	23.1172033706	pc7
42	21.9325422619	23.6125805977	26.7790804151	27.6757967253	pc7
43	22.5783479941	25.0555980364	22.1218895744	30.2441643951	pc7
44	20.708366692	22.3869056173	28.327140599	28.5775870917	pc7
45	14.6340265269	24.9934501392	31.1314884559	29.241034878	pc7
46	24.8817119859	19.6721311475	26.6378717974	28.8082850692	pc7
47	23.4958154264	25.4218502601	20.3019678806	30.7803664329	pc7
48	24.2974180735	18.6854518371	28.3180238332	28.6991062562	pc7
49	25.0205510732	20.4338559903	30.0806819912	24.4649109453	pc7
50	22.7176757196	18.3758910042	31.0511594334	27.8552738428	pc7
51	17.9712118265	18.2571484147	23.4506905271	40.3209492317	pc7
52	13.0371570399	29.0568467402	26.9175649573	30.9884312626	pc7
53	31.5630578021	22.4354877807	24.6986491549	21.3028052623	pc7
54	16.4270898654	24.6659591915	22.3505860788	36.5563648642	pc7
55	21.475870243	22.2256576744	33.6141815465	22.6842905362	pc7
56	23.7841402429	15.3953948453	22.1162829038	38.704182008	pc7
57	19.6041602422	11.4490762805	36.6488183679	32.2979451095	pc7
58	26.9707744341	19.2842482583	22.9786372966	30.766340011	pc7
59	21.2982001076	31.2592920634	23.3859488185	24.0565590105	pc7
60	22.9749991283	21.0920882876	35.0849053314	20.8480072527	pc7
61	24.6822323908	24.3106887246	39.1372364973	11.8698423873	pc7
62	22.0282068502	26.997985225	20.33889549	30.6349124348	pc7
63	26.6658032766	16.784303568	14.336592631	42.2133005245	pc7
64	54.0195814246	13.2129704482	26.1385071409	6.62894098626	pc7
65	50.7994923858	28.921319797	5.2538071066	15.0253807107	pc7
66	22.8084030959	47.085768441	18.3225398831	11.78328858	pc7
67	54.1514783313	18.671526934	14.803564196	12.3734305387	pc7
68	59.248170326	21.4238190286	9.61410512309	9.71390552229	pc7
1	24.71159294	30.2573341735	38.9333929049	6.09767998153	pt3
2	22.0959766268	30.673497057	26.2687037811	20.9618225351	pt3
3	11.2888198585	23.7998686442	22.0560605061	42.8552509911	pt3
4	16.4003732359	41.2288078142	28.4992455777	13.8715733722	pt3
5	24.1905666647	20.6755857133	36.721884078	18.411963544	pt3
6	30.8277657721	13.7947175655	36.8826283971	18.4948882653	pt3
7	29.415815056	19.533329914	20.4395155934	30.6113394366	pt3
8	17.2087666853	36.1873310918	33.7211071808	12.8827950421	pt3
9	18.9717238127	45.0437970331	25.0081827171	10.9762964371	pt3
10	36.1914361714	16.5281850314	18.4103591487	28.8700196485	pt3
11	35.4452567741	10.2593631458	30.1588139821	24.136566098	pt3
12	21.4917885219	12.9303400724	29.5591711885	36.0187002172	pt3
13	14.2187885825	19.9077562589	47.09289912	18.7805560386	pt3
14	37.6126947119	37.7326944408	17.5824021116	7.07220873574	pt3
15	47.0091621312	13.2895036843	31.6484306328	8.05290355166	pt3
16	12.0200857592	18.442264191	39.7763295243	29.7613205255	pt3
17	48.011786162	17.0831293615	25.8257264998	9.07935797663	pt3
18	48.4552374113	14.8035869065	21.2302971208	15.5108785614	pt3
19	24.0580676026	14.2901984531	51.2906106282	10.361123316	pt3
20	49.1837166626	16.3234202866	27.7127478679	6.78011518298	pt3
21	22.4703681984	40.4049544759	18.3018426888	18.8228346369	pt3
22	32.9335412217	16.6961381056	43.5850909679	6.78522970472	pt3
23	9.4693094636	24.2804646199	32.8672772453	33.3829486712	pt3
24	9.76848656631	43.2982731296	33.6944584168	13.2387818873	pt3
25	13.3368945986	5.60549861121	34.4982769454	46.5593298448	pt3
26	36.935980976	9.44430664072	17.8051070785	35.8146053047	pt3
27	12.4311997817	11.3397176232	60.9644189188	15.2646636762	pt3
28	26.9016557587	6.8342201239	37.0021864453	29.2619376721	pt3
29	27.2175308334	14.5374344348	12.3949468937	45.8500878381	pt3
30	49.2980208109	11.6673210077	6.24766349744	32.786994684	pt3
31	9.66543419939	15.4532566044	9.87203254047	65.0092766558	pt3
32	6.95725531879	6.76835184963	29.2696082233	57.0047846083	pt3
33	13.4466592938	10.6572748144	59.9123677047	15.9836981872	pt3
34	18.4767712063	27.7222671065	14.2840399614	39.5169217258	pt3
35	16.880175709	23.3813610848	35.1390872371	24.5993759692	pt3
36	14.071578972	16.3401925337	32.6325369872	36.9556915072	pt3
37	27.6035601577	23.500764066	14.926991658	33.9686841183	pt3
38	26.3574847335	20.0290044075	26.0433605069	27.5701503521	pt3
39	35.1513001983	15.4305244321	25.9056247884	23.5125505812	pt3
40	29.9563666219	19.9173039566	24.1113561051	26.0149733163	pt3
41	32.4385050222	16.168698201	29.0355361055	22.3572606713	pt3
42	23.2649780935	18.9724677883	28.6651284577	29.0974256604	pt3
43	25.4287172779	24.6358894189	24.1166430041	25.8187502991	pt3
44	21.9742044451	24.6689186596	24.5883075506	28.7685693447	pt3
45	14.4069909902	24.8013184001	29.4157188859	31.3759717238	pt3
46	26.378703908	18.362817501	25.9971186419	29.2613599491	pt3
47	22.3533115462	24.6094804066	20.8481995623	32.189008485	pt3
48	21.9994737361	17.9932901358	28.8293918363	31.1778442917	pt3
49	24.3332837502	18.7934295246	29.8667629996	27.0065237255	pt3
50	23.1506849315	19.1628614916	30.2029426687	27.4835109082	pt3
51	16.0737849131	18.4874642622	21.4647020013	43.9740488234	pt3
52	9.7482608183	33.5956844712	21.3978304445	35.258224266	pt3
53	31.2916653626	24.4217708366	19.723952302	24.5626114989	pt3
54	13.9033307617	24.4322946366	20.2864522188	41.3779223829	pt3
55	21.5327423506	21.7793823277	38.0647698027	18.623105519	pt3
56	26.1584678934	11.0289147578	18.764551258	44.0480660909	pt3
57	16.5360194403	11.3584698597	38.8179038959	33.2876068041	pt3
58	26.0734609415	18.4488041705	21.1667794182	34.3109554698	pt3
59	23.364443639	30.4458137006	24.6284885828	21.5612540776	pt3
60	26.4580152672	19.4300254453	34.0458015267	20.0661577608	pt3
61	22.8507693188	26.9061373906	43.0818509409	7.16124234971	pt3
62	18.5534335636	28.0130028444	19.3498577814	34.0837058106	pt3
63	22.8241949521	16.7645778938	9.57354221062	50.8376849434	pt3
64	53.9668064928	16.9432792267	20.6638701441	8.42604413642	pt3
65	47.7254374159	28.3714670256	6.27187079408	17.6312247645	pt3
66	18.7178608159	41.7209461776	23.7915666781	15.7696263284	pt3
67	37.98828125	22.75390625	20.41015625	18.84765625	pt3
68	46.9586374696	29.197080292	10.7055961071	13.1386861314	pt3
1	4.61976335801	28.151021065	57.4725948807	9.75662069629	cc1
2	30.2526193114	32.7741968984	17.7695582941	19.2036254962	cc1
3	17.8330146781	28.9145874563	19.6979745467	33.5544233189	cc1
4	29.6214728529	36.7996019397	14.6652780343	18.913647173	cc1
5	25.6489725518	34.4265485702	30.5541926103	9.37028626767	cc1
6	27.848604205	15.2388178013	41.0080846028	15.9044933909	cc1
7	18.5046799404	28.5869767375	17.705300076	35.2030432461	cc1
8	23.1321318878	38.2466926524	18.3783735199	20.2428019399	cc1
9	14.4769891159	37.6044311138	36.7690628663	11.149516904	cc1
10	25.7767119005	24.8560138067	21.1496102425	28.2176640502	cc1
11	36.2795322523	7.45609319647	21.2163565353	35.0480180159	cc1
12	17.4809433873	17.3553512351	31.5306248264	33.6330805511	cc1
13	21.1216559205	19.5551721126	39.0105066802	20.3126652868	cc1
14	32.2044257703	30.2608900469	26.8130584342	10.7216257486	cc1
15	44.1677372299	22.6805237089	21.9636593232	11.188079738	cc1
16	16.8361940943	15.0780183431	31.4636336585	36.6221539042	cc1
17	25.6266815332	28.4673866099	34.098359409	11.807572448	cc1
18	35.9751908804	17.616312008	25.8489644693	20.5595326423	cc1
19	30.3394153538	17.365734439	32.1850724879	20.1097777193	cc1
20	50.5879622688	16.3511261069	25.1459655327	7.91494609159	cc1
21	18.282575824	22.3152318618	31.1202014746	28.2819908396	cc1
22	32.2595824579	9.96641589919	48.1010778338	9.67292380908	cc1
23	12.3231351878	24.9035786508	39.9181219899	22.8551641715	cc1
24	13.9485859775	19.4940096999	51.9035444803	14.6538598424	cc1
25	18.7994701549	21.0749128971	25.1676416878	34.9579752601	cc1
26	13.2008804919	21.0956600846	27.3370805683	38.3663788552	cc1
27	12.9124301494	24.3347135383	27.3351762431	35.4176800693	cc1
28	10.9648365207	37.4743985194	16.7686613202	34.7921036397	cc1
1	40.5037562091	18.5337223759	34.9163105769	6.04621083807	pt2
2	19.5281034061	19.7609166245	26.7571866998	33.9537932696	pt2
3	9.40902306037	27.3086110549	24.9937122957	38.288653589	pt2
4	14.092697431	26.803057696	39.9505450124	19.1536998607	pt2
5	23.0933573029	16.7343843837	38.1059189321	22.0663393814	pt2
6	41.3349079948	11.0368631199	26.1396488246	21.4885800607	pt2
7	40.5845077353	16.3140256033	20.8225680532	22.2788986082	pt2
8	17.5808551367	24.2134994691	45.9657132897	12.2399321045	pt2
9	28.3877273371	40.1533673435	20.1597325474	11.2991727721	pt2
10	49.8528128742	12.7005567616	18.45551745	18.9911129142	pt2
11	24.0003333946	10.2729339495	42.2550125261	23.4717201298	pt2
12	25.6247519085	10.6367100305	36.2477940512	27.4907440099	pt2
13	12.4665818653	18.8776653901	43.3216006429	25.3341521017	pt2
14	31.2400429144	47.7389053483	14.0786298846	6.94242185273	pt2
15	57.405509858	10.8323569721	24.8744268409	6.88770632905	pt2
16	14.6386887931	14.8203012617	51.0003418029	19.5406681423	pt2
17	55.6377548297	13.0636332783	21.2764922976	10.0221195944	pt2
18	53.7221922222	12.3112287504	22.0943288215	11.8722502058	pt2
19	24.6988590019	13.5333896973	52.7723821072	8.9953691935	pt2
20	37.4070342013	22.1988513833	33.6364182891	6.75769612636	pt2
21	26.9328598641	43.8115799462	14.1122729766	15.1432872131	pt2
22	29.137773034	22.6584939716	42.6333608488	5.5703721456	pt2
23	10.411139291	32.1416721119	26.064080272	31.3831083251	pt2
24	10.9795630671	42.7981889364	37.7126909245	8.509557072	pt2
25	8.29366586433	3.46709760675	40.9248869407	47.3143495882	pt2
26	33.3515808206	10.6801709187	19.325408922	36.6428393387	pt2
27	10.1477266715	8.22603314949	62.16518121	19.4610589691	pt2
28	33.818342579	3.86118077096	33.1369619288	29.1835147213	pt2
29	36.7232220829	11.7505112162	5.93202536768	45.5942413333	pt2
30	46.3566215216	8.84873793903	5.46697002058	39.3276705188	pt2
31	10.7053462737	12.3947667448	9.98715678342	66.9127301981	pt2
32	4.46582463042	3.90800674895	37.554301712	54.0718669086	pt2
33	10.0752482342	6.49000461042	74.0534784522	9.38126870314	pt2
34	14.6833608841	19.6200913546	14.346173224	51.3503745373	pt2
35	14.3445616381	18.3267721409	46.3998551586	20.9288110624	pt2
36	12.3657269078	15.52137371	37.8290378164	34.2838615658	pt2
37	27.7578897614	23.6419863915	14.3574786474	34.2426451998	pt2
38	20.6143446819	23.1461441013	27.8493261468	28.39018507	pt2
39	27.8099062291	16.3730230271	27.9123400569	27.9047306868	pt2
40	26.8611858461	24.5283179512	21.3661751183	27.2443210844	pt2
41	30.592180474	18.229229044	27.5795616623	23.5990288197	pt2
42	22.9457540149	19.5084267672	28.333498703	29.2123205148	pt2
43	27.1995746189	23.7451258419	22.4707550514	26.5845444878	pt2
44	22.5491899405	21.5501889415	25.5027581115	30.3978630066	pt2
45	15.4221274002	20.628873311	30.6715432287	33.2774560601	pt2
46	29.1855625272	18.6494377834	25.2220910729	26.9429086165	pt2
47	23.165575304	23.3900841908	19.6183348924	33.8260056127	pt2
48	20.1775961979	17.1843081669	30.9834493684	31.6546462667	pt2
49	21.3774997207	18.9364316836	33.1862361747	26.499832421	pt2
50	23.2187241094	18.4824634079	31.220657277	27.0781552057	pt2
51	19.0321583179	18.5606060606	20.3540507112	42.0531849103	pt2
52	11.9005025982	35.0200187409	19.6013289037	33.4781497572	pt2
53	28.6706808708	23.2329782307	19.694302918	28.4020379805	pt2
54	14.6175986842	22.1628289474	21.4226973684	41.796875	pt2
55	21.0242587601	18.6320754717	40.3638814016	19.9797843666	pt2
56	27.5266754586	7.97266514806	19.0984294449	45.4022299484	pt2
57	16.3615847543	9.46589769308	37.0862587763	37.0862587763	pt2
58	26.0313315927	16.1749347258	20.4569190601	37.3368146214	pt2
59	25.1564646619	28.8047626317	27.0645702946	18.9742024118	pt2
60	29.9931833674	22.7164280845	29.0558963872	18.2344921609	pt2
61	22.2348700436	27.9833048757	40.1062416999	9.67558338076	pt2
62	18.6784599376	25.1821019771	22.3465140479	33.7929240375	pt2
63	15.6295224313	22.1418234443	9.98552821997	52.2431259045	pt2
64	46.6666666667	21.3707165109	21.3707165109	10.5919003115	pt2
65	37.4520337682	37.3752877974	7.981580967	17.1910974674	pt2
66	13.7805983681	49.8640072529	20.2175883953	16.1378059837	pt2
67	24.7914183552	21.9308700834	35.2800953516	17.9976162098	pt2
68	34.1155234657	45.3068592058	7.40072202166	13.1768953069	pt2
1	7.39197738648	30.4335938371	50.9631563774	11.211272399	ct5
2	22.2041079202	35.0631310239	24.6220127762	18.1107482797	ct5
3	16.0563820458	21.5009272897	16.5030178296	45.9396728349	ct5
4	23.2923218043	44.6236202488	14.6899670888	17.3940908581	ct5
5	22.8431260239	30.7896461386	33.2319263811	13.1353014564	ct5
6	30.0085937556	15.0322889017	38.3199091941	16.6392081486	ct5
7	18.9226626013	23.0356239708	23.0400781761	35.0016352518	ct5
8	20.1470650533	41.4982366387	20.7733644519	17.581333856	ct5
9	16.4957609451	40.9977855653	30.5016483965	12.0048050931	ct5
10	24.9325705518	20.1325991023	25.5765914215	29.3582389244	ct5
11	37.6277229735	7.49622312	18.8206381446	36.0554157619	ct5
12	17.0764966845	13.2862404424	28.5257248061	41.111538067	ct5
13	19.1653827341	24.453368898	39.4889814268	16.8922669412	ct5
14	39.9792244107	28.1460061341	20.2997612959	11.5750081593	ct5
15	43.0861259598	18.7740026282	26.9823667617	11.1575046503	ct5
16	15.4087735051	19.1912115658	27.9587096479	37.4413052812	ct5
17	31.0922596674	20.1138560246	35.4780853783	13.3157989298	ct5
18	36.3839840624	20.7185905794	21.3576631905	21.5397621677	ct5
19	32.0929444537	14.3488706272	37.2893156461	16.268869273	ct5
20	58.4137550826	13.2837744337	18.9600908987	9.34237958498	ct5
21	17.1211539852	26.3095213165	24.5247177827	32.0446069156	ct5
22	36.0827486626	10.4396383269	40.8987926924	12.5788203181	ct5
23	14.4254788828	25.0617220024	39.3234635105	21.1893356043	ct5
24	20.2782168485	20.746328595	36.2754152092	22.7000393473	ct5
25	21.274040048	18.6470254359	21.352446574	38.726487942	ct5
26	15.373914297	15.7534147836	25.8914477241	42.9812231953	ct5
27	15.62772683	17.4438308197	24.9249857853	42.0034565649	ct5
28	15.2608767213	26.0415866572	18.6020738465	40.095462775	ct5
1	42.4660797488	13.7266721047	37.8663910109	5.94085713552	pt5
2	25.5205052394	14.3277919393	18.0280740047	42.1236288167	pt5
3	9.64458070276	27.7063638918	17.4164725675	45.2325828379	pt5
4	14.7345334697	19.1017785617	40.2041876383	25.9595003303	pt5
5	29.8412142369	18.6956522572	38.1707058041	13.2924277019	pt5
6	55.569028648	9.73560830741	20.7949184165	13.900444628	pt5
7	37.7317913424	14.9734281608	28.989697439	18.3050830577	pt5
8	18.1279757692	19.7477403834	43.4787763336	18.6455075138	pt5
9	33.4201089458	30.0044204999	18.1156221193	18.4598484351	pt5
10	55.3658774596	11.4604099326	19.6645302503	13.5091823575	pt5
11	15.4812502837	17.4781402224	40.3301093118	26.710500182	pt5
12	17.172560681	11.7718169966	45.1631205782	25.8925017441	pt5
13	20.5869590803	20.1301106003	32.7336891781	26.5492411412	pt5
14	34.260161222	46.3598930039	14.0613208957	5.31862487847	pt5
15	54.2125946323	11.8614383977	27.840731382	6.08523558794	pt5
16	15.8317578439	21.1756690938	47.7213549024	15.2712181599	pt5
17	55.8858725766	12.7833367074	19.7562442912	11.5745464247	pt5
18	47.9350215279	12.1215191824	29.5837659773	10.3596933124	pt5
19	32.9372111417	12.0688263886	45.3955759736	9.59838649613	pt5
20	36.7308837271	25.362625443	31.15368153	6.75280929996	pt5
21	37.1786061444	34.9343600217	13.4479996347	14.4390341992	pt5
22	30.7937130098	22.8675924621	40.410440428	5.92825409999	pt5
23	15.1097046373	36.1116780549	30.5285775689	18.2500397389	pt5
24	11.8656404139	43.3945084495	37.425160269	7.3146908676	pt5
25	6.62781554461	3.4184722893	57.7694516642	32.1842605019	pt5
26	17.3540478194	11.6795119048	22.2298824818	48.736557794	pt5
27	12.8057826722	19.5188680809	44.4847315253	23.1906177216	pt5
28	52.7951791436	3.28391813469	16.4525240198	27.4683787019	pt5
29	39.3734790759	24.6048123176	6.00068570441	30.0210229021	pt5
30	34.2320850775	20.1304423645	4.57041277768	41.0670597803	pt5
31	16.3809803848	12.6557643849	7.62095822919	63.3422970011	pt5
32	5.741572952	3.42427110776	50.6635844584	40.1705714818	pt5
33	12.2463295332	4.37459783169	66.2731719447	17.1059006904	pt5
34	12.1068882611	7.22142024112	6.72935737791	73.9423341199	pt5
35	15.8026735654	24.0537436285	35.5098419447	24.6337408614	pt5
36	11.9986677202	17.0528270198	21.2332091998	49.7152960602	pt5
37	17.3908900324	22.2829085292	13.0796545394	47.246546899	pt5
38	20.668671651	35.5064927764	17.0259711057	26.7988644668	pt5
39	31.7423133236	19.6475632713	18.3695879523	30.2405354528	pt5
40	27.63480066	22.7204982169	21.8741683079	27.7705328152	pt5
41	32.2950382061	18.7360272281	25.8683973439	23.1005372218	pt5
42	23.7947643979	22.7434554974	26.322513089	27.1392670157	pt5
43	23.0870445344	24.7393724696	22.2722672065	29.9013157895	pt5
44	22.4248164812	21.88905991	28.5638171916	27.1223064172	pt5
45	16.1044575154	23.251364184	30.9262277656	29.717950535	pt5
46	26.3921210106	18.2762632979	26.6373005319	28.6943151596	pt5
47	23.4368913128	24.3718348266	21.6936112193	30.4976626412	pt5
48	23.875189271	19.2623837335	27.979666883	28.8827601125	pt5
49	25.3371089536	18.7634843581	30.9870550162	24.9123516721	pt5
50	20.7730263158	17.4424342105	32.5575657895	29.2269736842	pt5
51	19.1877256318	17.3194945848	24.4133574007	39.0794223827	pt5
52	13.3339952343	30.5798252581	25.258141382	30.8280381255	pt5
53	30.8768953451	20.6552857597	25.9145371647	22.5532817305	pt5
54	15.0834023424	25.9671122678	22.5718679759	36.3776174139	pt5
55	20.1274697259	20.9305289994	34.7100063735	24.2319949012	pt5
56	24.2794997281	12.7107123437	22.9608482871	40.0489396411	pt5
57	19.5750708215	9.63172804533	37.5212464589	33.2719546742	pt5
58	27.9964747356	18.1404230317	21.7097532315	32.1533490012	pt5
59	21.4203518001	32.8785138912	22.2587539043	23.4423804044	pt5
60	21.8283246356	21.3244556415	35.0548857297	21.7923339932	pt5
61	22.6672087823	22.46391543	40.882293149	13.9865826387	pt5
62	21.456043956	24.2582417582	23.2692307692	31.0164835165	pt5
63	24.8876598686	16.62633944	14.5523677843	43.933632907	pt5
64	48.6602870813	15.1674641148	29.1387559809	7.03349282297	pt5
65	49.0518331226	30.2149178255	6.3211125158	14.412136536	pt5
66	23.4539969834	50.2262443439	16.4404223228	9.87933634992	pt5
67	52.4714828897	17.3954372624	15.3992395437	14.7338403042	pt5
68	55.0458715596	24.1590214067	12.6911314985	8.10397553517	pt5
1	24.1474606445	22.1655736754	46.0214937885	7.6654718917	pt7
2	24.2434512213	22.9238310125	24.887069508	27.9456482582	pt7
3	13.8324357673	29.4164265861	23.0601358548	33.6910017918	pt7
4	22.4919905707	30.5094381776	28.6404064513	18.3581648004	pt7
5	25.1432394467	26.7661165273	33.2489079089	14.8417361171	pt7
6	37.1627420853	13.2044949034	32.8869723031	16.7457907081	pt7
7	32.3752434115	22.3426747386	20.5993202261	24.6827616238	pt7
8	22.0740377953	29.9512473271	33.9705202622	14.0041946155	pt7
9	23.4515017398	37.7425313923	28.5950502684	10.2109165994	pt7
10	38.3111015926	19.4599589087	21.6031826492	20.6257568495	pt7
11	27.4042311211	9.35414369889	34.3722802806	28.8693448994	pt7
12	22.2220260405	14.5081575928	32.9458894739	30.3239268929	pt7
13	16.7041707047	21.5211467099	40.1638792498	21.6108033357	pt7
14	30.0392787424	41.3267812505	20.9154275517	7.71851245545	pt7
15	54.1491112509	16.2980409259	20.7149023761	8.83794544715	pt7
16	15.6726966315	17.38185809	43.0917874958	23.8536577827	pt7
17	40.1685500971	20.6688488116	28.2959062442	10.8666948472	pt7
18	43.2810952417	18.0206125618	24.4773074862	14.2209847103	pt7
19	27.7117522061	17.4533766179	42.1342009821	12.7006701939	pt7
20	41.8138689008	22.1736740704	28.4328576796	7.5795993492	pt7
21	23.6707860117	31.8682167205	22.3918010236	22.0691962442	pt7
22	27.5848571216	18.7561339805	45.8273862663	7.83162263163	pt7
23	12.3660948997	32.2104714093	26.3449346658	29.0784990252	pt7
24	11.8270099005	35.6217111812	41.0562370519	11.4950418663	pt7
25	10.9050195749	6.43486748802	42.1884352801	40.471677657	pt7
26	31.6703732322	11.7580749069	19.5784480228	36.9931038382	pt7
27	15.5145305564	9.98195938278	54.4285931048	20.074916956	pt7
28	33.0327543283	6.99299738379	27.9200887309	32.054159557	pt7
29	36.7371327184	11.6044597361	9.71494197155	41.943465574	pt7
30	41.4690753048	8.53515661693	8.33713754365	41.6586305346	pt7
31	14.0615656338	13.2594075386	12.140111086	60.5389157416	pt7
32	8.79190929315	7.47283393913	35.0193188874	48.7159378804	pt7
33	19.9580821817	9.21663412707	55.8353013394	14.9899823519	pt7
34	15.3353748289	14.9618357679	13.740883832	55.9619055712	pt7
35	16.6665933694	28.4403730245	27.2950662864	27.5979673197	pt7
36	14.6074935382	21.2471168843	19.2512319599	44.8941576176	pt7
37	22.7223548843	24.7474973805	14.296140279	38.2340074561	pt7
38	25.8685176985	27.9717656865	19.0894173417	27.0702992733	pt7
39	36.9751105031	19.6211981688	20.4993027784	22.9043885498	pt7
40	28.148986184	20.1747793271	26.6302609697	25.0459735193	pt7
41	33.1742130188	16.2203072952	28.4760512855	22.1294284006	pt7
42	22.9430333413	20.4493144909	28.2145137014	28.3931384664	pt7
43	23.1593272385	27.1575127364	25.5314397376	24.1517202875	pt7
44	21.4031401857	27.8206341315	26.6073805591	24.1688451237	pt7
45	13.7948299033	31.0065263028	30.5954482771	24.6031955168	pt7
46	21.8467815322	21.1077889221	28.0387196128	29.0067099329	pt7
47	22.8291582439	28.4043824479	20.3419738885	28.4244854198	pt7
48	24.4581931764	20.6559346468	28.1931763575	26.6926958193	pt7
49	26.7176882913	20.8468636006	27.7118947143	24.7235533939	pt7
50	21.9164635244	19.4313106359	31.0145117223	27.6377141174	pt7
51	17.4625112294	18.5267085896	21.9836224172	42.0271577638	pt7
52	9.07825772637	29.5806976324	28.6318452919	32.7091993494	pt7
53	31.1293263898	26.26196161	21.9266417251	20.682070275	pt7
54	16.8202033037	25.4764930114	21.6347681067	36.0685355781	pt7
55	18.6855455755	25.7651363939	35.4603293413	20.0889886893	pt7
56	23.952799791	16.9990420622	21.2226770008	37.825481146	pt7
57	19.9165477106	11.7250466674	35.0675304711	33.290875151	pt7
58	27.1686787466	19.9587878245	24.3689385625	28.5035948664	pt7
59	21.213454581	31.7028454092	21.1327857632	25.9509142466	pt7
60	21.0283011261	20.1978122396	37.7348348429	21.0390517913	pt7
61	27.4655514772	21.5416090017	41.293098261	9.69974126	pt7
62	22.3135169969	31.6497502819	20.7910423715	25.2456903496	pt7
63	31.6256760894	17.2568629452	12.7870190836	38.3304418818	pt7
64	58.290668305	12.519625913	23.6603181105	5.52938767151	pt7
65	51.7323651452	27.6970954357	5.0622406639	15.5082987552	pt7
66	22.6928694728	42.2387465144	21.3119107688	13.7564732439	pt7
67	51.9978876958	17.5145220912	14.5572962507	15.9302939623	pt7
68	58.7237711986	20.4656510492	10.1465938488	10.6639839034	pt7
1	6.0239225072	28.7276478157	54.2620898605	10.9863398167	ct4
2	23.2493401774	32.7620325716	24.8669791243	19.1216481267	ct4
3	15.844354686	22.155371709	17.3977155672	44.6025580378	ct4
4	24.0033090883	44.3325876269	14.868561374	16.7955419108	ct4
5	23.2051473149	32.8667860244	32.2218672771	11.7061993835	ct4
6	32.5617805357	14.1334407072	37.1575250729	16.1472536842	ct4
7	18.2165598838	23.4252167037	24.8355735044	33.5226499081	ct4
8	21.2075141047	41.7660107925	20.2422236956	16.7842514072	ct4
9	16.0374412869	40.4804748196	31.8804950213	11.6015888722	ct4
10	24.1024335812	21.4039278763	26.4737825608	28.0198559817	ct4
11	35.7503919449	7.3557763379	20.0507835904	36.8430481268	ct4
12	17.658823878	13.5967494317	28.1500242466	40.5944024437	ct4
13	19.791363167	25.3449418708	39.3028338025	15.5608611596	ct4
14	39.5964273291	28.7199433599	21.0504630097	10.6331663013	ct4
15	45.3399763508	19.1547656941	24.9090892061	10.596168749	ct4
16	14.5176480232	20.8743258484	27.6903623859	36.9176637425	ct4
17	28.2548770714	20.6403319216	37.919616647	13.18517436	ct4
18	35.055789745	21.9726942514	22.4357162815	20.5357997221	ct4
19	34.5150226175	13.9090646605	36.398565872	15.17734685	ct4
20	57.3156958554	14.6553856995	18.4697676591	9.559150786	ct4
21	16.379742654	24.02996391	26.2536966301	33.3365968059	ct4
22	35.424924851	10.8967183908	42.8990618252	10.7792949329	ct4
23	15.1696316079	26.8463178927	38.2289082067	19.7551422926	ct4
24	19.2959124004	19.413036091	41.8981972611	19.3928542474	ct4
25	22.6609703771	18.4036259932	22.0136309384	36.9217726913	ct4
26	14.6067646862	17.8919110727	26.915778268	40.585545973	ct4
27	16.583844233	17.3006246941	27.2252134164	38.8903176565	ct4
28	15.0072639225	29.4237288136	20.0484261501	35.5205811138	ct4
1	6.21063210157	30.4973146759	53.440763352	9.85128987053	ct7
2	24.8967681559	35.4369288176	23.0147664929	16.6515365336	ct7
3	15.820073371	22.9900239878	16.9596974707	44.2302051705	ct7
4	24.9200971019	45.2968032585	14.3432293074	15.4398703322	ct7
5	24.081122717	32.1339210271	32.2417118923	11.5432443635	ct7
6	28.7737243651	14.1667824707	41.5919675076	15.4675256567	ct7
7	18.5486863061	24.7273765548	22.0152992338	34.7086379053	ct7
8	20.201711933	44.0158530077	19.477843904	16.3045911553	ct7
9	15.5005316557	41.5176146433	32.1798511185	10.8020025824	ct7
10	24.5983612283	20.8136336224	24.4709544974	30.1170506518	ct7
11	39.3101448317	7.28695305329	18.2394486926	35.1634534224	ct7
12	16.6080348458	15.1758187566	28.6074134512	39.6087329465	ct7
13	17.2448283294	23.4539503367	40.7056993343	18.5955219996	ct7
14	39.9930323678	26.7266784651	22.5596381955	10.7206509717	ct7
15	44.1312782758	18.0024206948	26.5412744583	11.3250265711	ct7
16	14.7497941221	19.0720160812	28.8056430726	37.3725467241	ct7
17	31.8491655634	21.6871606217	34.7115274196	11.7521463953	ct7
18	37.8164875991	19.2072122434	22.5259628263	20.4503373313	ct7
19	32.0791923515	14.6016257127	36.9308605406	16.3883213951	ct7
20	57.9498776489	13.7156864395	19.4208547892	8.91358112234	ct7
21	15.4755085125	27.1613678085	25.8928351857	31.4702884934	ct7
22	37.4820972257	10.2213790878	41.8043408017	10.4921828848	ct7
23	13.3062743752	25.6764087118	40.4383417012	20.5789752119	ct7
24	18.1022600337	19.3985566251	42.5907128755	19.9084704656	ct7
25	22.3842334618	17.8515607479	23.2606122921	36.5035934982	ct7
26	14.034060645	16.9266722011	27.8368275326	41.2024396213	ct7
27	14.8559823892	17.0650792174	28.0423526494	40.036585744	ct7
28	13.2272161695	25.8262268216	23.7079299566	37.2386270523	ct7
1	47.6523683349	14.7561870176	32.0936091823	5.49783546517	pc6
2	25.9033818971	14.7352627658	17.0938390274	42.2675163097	pc6
3	8.90087426504	29.6156489965	17.7234635528	43.7600131856	pc6
4	13.2281048414	18.5412079632	46.5682988792	21.6623883163	pc6
5	29.6126889964	16.0292855887	40.9161877169	13.441837698	pc6
6	55.5555814081	8.87444039021	20.7175041466	14.8524740551	pc6
7	38.9266713268	13.6417036784	30.2117964382	17.2198285566	pc6
8	18.5308445892	18.1962924904	43.4070673557	19.8657955647	pc6
9	35.0946164096	27.8399653582	16.7491743416	20.3162438907	pc6
