Base	G	A	T	C	sample
1	11.984728989925822	29.57717375791023	48.71069125878439	9.727405993379561	pc1
2	30.47282294441633	29.1776070708109	20.170672757884635	20.178897226888136	pc1
3	18.841456473783786	27.351361151017013	22.017226101599114	31.78995627360009	pc1
4	26.88958070569567	34.23064731825784	20.23414505614854	18.64562691989795	pc1
5	28.7922973925092	31.67489971189248	28.632524551941778	10.900278343656531	pc1
6	30.25893736801614	17.150143415918922	37.46960446056381	15.121314755501125	pc1
7	22.925847885903142	26.378863349112518	21.13511148465651	29.56017728032783	pc1
8	23.1050625868444	34.113669504564974	24.10195777694041	18.67931013165022	pc1
9	16.835087148599108	34.567707474702274	35.254127807478234	13.343077569220382	pc1
10	28.655620015567568	23.600670659729644	20.827467644492906	26.91624168020988	pc1
11	32.54531854721588	12.860717040342903	24.41905022648234	30.17491418595888	pc1
12	18.015591192848202	19.974838707144585	31.45162833768371	30.557941762323498	pc1
13	22.00360982157516	20.63552927234846	36.833022783679155	20.527838122397227	pc1
14	29.513743739352975	34.51228897301838	25.807585441149918	10.16638184647873	pc1
15	41.548398919768466	22.69688917335474	23.555434420423694	12.199277486453102	pc1
16	16.75839714090402	19.681718764546904	33.45048339118261	30.10940070336646	pc1
17	28.52286509973858	26.08730290737383	32.259443469693764	13.130388523193833	pc1
18	34.324641465550144	19.26953644126815	26.184606371592945	20.221215721588763	pc1
19	29.148972316111177	18.981480211057438	33.878287731531664	17.991259741299718	pc1
20	43.60577008600104	18.222666288606728	27.509133863541507	10.662429761850726	pc1
21	21.771178682686283	24.634411334725847	26.793667031059805	26.80074295152807	pc1
22	28.030281226778374	14.71802002582298	44.5553358564372	12.696362890961435	pc1
23	14.314885666777622	24.16636084256175	30.738429598102556	30.78032389255807	pc1
24	15.381068212997015	26.598184858793783	34.96839505278226	23.052351875426936	pc1
25	21.575023237520085	13.027143363593552	30.895098691114715	34.50273470777165	pc1
26	26.782639877030178	14.561371853523392	23.750876479737613	34.90511178970881	pc1
27	25.155492935549496	17.85653197729354	36.41643017050137	20.571544916655597	pc1
28	31.693890204159985	15.476462776357089	21.699055677031197	31.13059134245173	pc1
29	22.627026630810743	20.592976738953713	22.25314566494055	34.52685096529499	pc1
30	33.61035269099719	16.768633347587976	15.929749369417742	33.6912645919971	pc1
31	17.386607812985343	24.506739972314293	17.36580516616114	40.74084704853922	pc1
32	17.286833603302032	14.886511670385344	24.346715916398917	43.47993880991371	pc1
33	20.18175566952957	14.195363962155374	35.08454582968721	30.538334538627847	pc1
34	21.210402218280997	23.58430768531958	15.232564381559197	39.97272571484022	pc1
35	18.350429148376257	30.273314786359194	21.801030067552034	29.575225997712508	pc1
36	14.90078049713977	21.254023797644837	18.040453262437037	45.80474244277835	pc1
37	22.049668858496773	24.790403287271765	13.958715010012357	39.20121284421911	pc1
38	24.932322920067374	26.67574805924959	18.168226297131994	30.223702723551042	pc1
39	36.664222409313524	17.640839013968478	20.466581570299557	25.228357006418438	pc1
40	28.96259802759263	19.546899561784826	22.77445530468688	28.716047105935665	pc1
41	30.878000744493523	16.574484992647466	28.398995725762376	24.148518537096635	pc1
42	23.20035250652476	18.932311968274412	30.10744670033556	27.75988882486527	pc1
43	23.996929375639713	24.381610371886726	25.329665643125214	26.291794609348347	pc1
44	22.219483513831335	22.274428850923545	24.88664314800836	30.619444487236763	pc1
45	16.16558508904495	24.008652620973717	28.691735561679554	31.134026728301773	pc1
46	23.74517653519865	17.8515167719278	26.183284436286907	32.22002225658665	pc1
47	22.924289211234225	24.672392765394296	19.75158073193727	32.65173729143421	pc1
48	20.54750465349719	19.602186900039957	27.92390679361862	31.926401652844238	pc1
49	23.100956109312655	18.714396848101583	29.162588772616626	29.02205826996913	pc1
50	22.197551227558208	17.4284717376134	35.9116284971135	24.462348537714902	pc1
51	15.068155835018906	16.313428898074047	21.176677512971594	47.44173775393545	pc1
52	9.857880141734709	35.91511323370821	23.185949776613775	31.041056847943306	pc1
53	30.08305200588199	21.98703477414411	19.232442060352504	28.6974711596214	pc1
54	14.816412725084586	22.625400213447172	18.1997774699698	44.35840959149844	pc1
55	20.827616620932968	20.923167385339084	39.1390631125049	19.11015288122305	pc1
56	30.200959419162455	13.141449500842734	16.82354466485155	39.83404641514326	pc1
57	14.164305949008499	9.583622855310278	34.37650328718798	41.87556790849324	pc1
58	22.35666315146806	15.97935283343509	21.44918687905867	40.214797136038186	pc1
59	21.590713966825785	27.76881074212713	23.627184999484875	27.013290291562207	pc1
60	25.930954228083785	18.390224980605122	38.25058184639255	17.428238944918544	pc1
61	28.090933262430205	28.23717096516884	36.61260303110875	7.05929274129221	pc1
62	17.791449557411013	33.76859815430975	13.842676878649005	34.597275409630235	pc1
63	32.093176393118775	13.34266194748539	7.687875545312371	46.87628611408346	pc1
64	65.55063641394577	11.303265080243499	16.72661870503597	6.419479800774765	pc1
65	53.21560358460727	24.670532419609913	6.852925672113865	15.260938323668952	pc1
66	20.299379335523916	41.98612632347572	23.147133990507484	14.56736035049288	pc1
67	48.58442871587462	17.290192113245702	15.621840242669363	18.503538928210315	pc1
68	57.48502994011976	19.67493584260051	12.403763900769889	10.436270316509837	pc1
