Base	G	A	T	C	sample
1	33.07940075224168	25.974776986557607	34.545915788017645	6.399906473183065	pc2
2	20.39594552642903	27.05713287141821	24.503611840452745	28.043309761700012	pc2
3	9.51911424980227	23.295394512445803	19.16494413892188	48.02054709883005	pc2
4	15.006468078790352	34.63706868783831	32.37352732429093	17.98293590908041	pc2
5	25.576786089712	14.800805883667278	39.43766597040523	20.18474205621549	pc2
6	37.5937227373999	12.1979745834704	31.70116604381814	18.507136635311554	pc2
7	32.7645058319359	18.262653751373925	21.61855396434669	27.35428645234349	pc2
8	17.10444177444712	29.941084672870034	39.53634079305924	13.418132759623608	pc2
9	24.98347114227774	40.302190213380854	19.91254958152259	14.801789062818818	pc2
10	44.076359385927205	15.038842487389434	16.556190467156735	24.328607659526625	pc2
11	31.063922402652803	12.233603905133716	34.08069314938275	22.62178054283072	pc2
12	20.15852970217673	12.509769610953281	34.18952304361941	33.142177643250584	pc2
13	14.805135877199668	19.086963993693622	45.23090383045297	20.87699629865374	pc2
14	37.501422579423036	41.76111359449894	14.525165547840219	6.212298278237814	pc2
15	48.63010802042643	11.011042315497653	33.07275715256195	7.2860925115139725	pc2
16	12.551864439651252	16.872396003439786	45.06529057352404	25.510448983384926	pc2
17	54.8287631889106	13.2466084023029	21.521993650278866	10.40263475850763	pc2
18	50.559527449049234	10.411152269623217	24.767056020742913	14.262264260584628	pc2
19	23.705590238375176	13.123489667305874	54.61999113157826	8.550928962740684	pc2
20	46.82481162122702	17.196228489012118	29.668762935970616	6.310196953790246	pc2
21	26.07208533880041	44.0099201132579	16.287604977904618	13.63038957003707	pc2
22	36.448543298271176	18.645008555009593	39.33057947541895	5.5758686713002765	pc2
23	11.61417473054508	27.783040335152094	34.00231036406759	26.60047457023523	pc2
24	12.204387725574446	45.49263907910023	32.403256635258806	9.899716560066521	pc2
25	8.964699578119463	4.696788273687653	42.00498274019292	44.33352940799996	pc2
26	28.1230962222257	11.05392251677982	22.231074732478156	38.591906528516326	pc2
27	11.959552890816436	14.267821675732783	53.22022853273444	20.552396900716342	pc2
28	38.05905143025128	5.205757789954257	30.872712070359487	25.862478709434978	pc2
29	34.657814208378376	18.14847941784856	7.99640183607996	39.19730453769311	pc2
30	42.63768393428617	15.123756065056648	5.453266718419289	36.78529328223789	pc2
31	14.44704093531746	13.72346800255792	9.616803482890768	62.21268757923385	pc2
32	6.537118194156373	4.364815771859489	39.25693881264343	49.841127221340706	pc2
33	11.947643604573509	6.399647525391285	68.55151863568388	13.101190234351337	pc2
34	17.056197729621537	22.627105471977487	10.604243529857685	49.712453268543285	pc2
35	16.03977922734132	17.33206803849264	45.70516425070631	20.92298848345973	pc2
36	14.418354130063992	15.46145017120433	39.507803583107844	30.612392115623837	pc2
37	27.31428460035186	25.87905045493755	15.169864469060833	31.636800475649757	pc2
38	23.862086223575833	25.403209809480504	23.11166584778582	27.623038119157844	pc2
39	30.312548253096672	16.40096863972402	22.33181559690728	30.954667510272028	pc2
40	27.959277464732445	25.106402110058745	21.096091595731927	25.838228829476883	pc2
41	31.738361056594062	17.193783983784307	28.807953412052377	22.259901547569257	pc2
42	23.19707742601808	19.68384304821735	28.574476983876334	28.544602541888235	pc2
43	28.69879052181572	22.07136565769404	21.16264581408838	28.067198006401856	pc2
44	23.491719506648472	18.047194798940524	24.74115097519865	33.719934719212354	pc2
45	16.916789170153304	17.49349789186308	31.050191428525274	34.539521509458346	pc2
46	29.04992891193443	16.987956845362547	26.80856402107552	27.153550221627498	pc2
47	23.439275052178278	20.152704023671767	20.95849515204354	35.44952577210642	pc2
48	20.4803466796875	15.6890869140625	31.1737060546875	32.6568603515625	pc2
49	23.142941698727434	18.403585168900353	33.602502853760626	24.85097027861159	pc2
50	23.473579040852577	18.389209591474245	31.02797513321492	27.109236234458262	pc2
51	20.087920489296636	17.36111111111111	23.082313965341488	39.468654434250766	pc2
52	14.623359675197564	32.53824403683028	19.64764735735518	33.190748930616984	pc2
53	32.07973529174401	20.111371156484545	21.967557097893632	25.841336453877815	pc2
54	14.591687932920161	24.425811155668974	21.336128326649654	39.64637258476121	pc2
55	24.15055951169888	19.399796541200406	36.16480162767039	20.284842319430314	pc2
56	24.41564196299989	7.477567298105684	19.297662567852	48.809128171042424	pc2
57	15.331378299120235	9.255131964809383	39.29618768328446	36.117302052785924	pc2
58	26.209377325725626	15.070702059042421	20.8385016125031	37.88141900272885	pc2
59	26.303012994430958	28.373554191060972	26.431529344566613	18.891903469941454	pc2
60	30.112721417069245	22.785829307568438	28.51851851851852	18.582930756843798	pc2
61	21.7890326106759	29.969028967024958	40.863545272362906	7.378393149936237	pc2
62	17.09223553934341	25.50807712350182	19.48931735278791	37.91036998436686	pc2
63	13.060130218307162	18.651857525852165	9.689774032937573	58.5982382229031	pc2
64	44.66966966966967	22.597597597597595	21.02102102102102	11.711711711711711	pc2
65	38.10861423220974	34.176029962546814	6.460674157303371	21.254681647940075	pc2
66	11.7169373549884	52.204176334106734	20.533642691415313	15.54524361948956	pc2
67	20.579268292682926	27.59146341463415	28.506097560975608	23.323170731707318	pc2
68	31.143552311435524	41.3625304136253	10.948905109489052	16.54501216545012	pc2
