Base	G	A	T	C	sample
1	31.267973951704022	20.09564278471359	41.62188982555459	7.014493438027804	pc3
2	24.161031581458932	22.095600083985715	22.613427186519704	31.129941148035645	pc3
3	11.987712403021494	27.67793221053598	25.697843460982135	34.6365119254604	pc3
4	18.901990394509717	26.48676896938224	34.8848089964329	19.72643163967514	pc3
5	25.13074146588942	23.249918091923725	33.49964330932501	18.119697132861845	pc3
6	39.00831831496886	11.833531947534542	29.69494293673763	19.46320680075897	pc3
7	34.98551187084718	19.80249781295259	21.22628328740947	23.985707028790753	pc3
8	19.66929722333415	26.39123712782582	37.890700086731464	16.048765562108557	pc3
9	24.107560305655802	37.72116291763115	25.624803016482957	12.546473760230098	pc3
10	43.649567239126185	17.01542897937313	19.242277927744148	20.092725853756534	pc3
11	25.003073791008696	11.452413703765863	37.330550951844636	26.21396155338081	pc3
12	24.29187088277397	12.360131170624168	35.062262468199435	28.28573547840243	pc3
13	17.881130252935908	18.476605455427677	41.036331534095005	22.60593275754141	pc3
14	31.096815963648584	43.397138599168024	17.907132316567907	7.598913120615486	pc3
15	52.40879532708135	15.398442864865656	23.72777999837195	8.464981809681047	pc3
16	15.359026593557518	16.148558706828	44.763408446235765	23.729006253378724	pc3
17	46.9626391792278	17.523079212021013	24.759900075799575	10.754381532951616	pc3
18	47.04304218506145	14.069910808787482	24.969578175750414	13.917468830400653	pc3
19	27.493129495642314	14.884744342134743	45.40302345546133	12.219102706761612	pc3
20	39.62401761074372	21.325421935355934	31.819977769849405	7.230582684050938	pc3
21	25.921810444410987	35.77534213375792	19.399740019919225	18.903107401911864	pc3
22	27.434731383427913	18.658906210187613	46.41333634676679	7.493026059617682	pc3
23	11.142183208670534	30.230918252233955	28.08125978359725	30.545638755498256	pc3
24	10.127598510320182	43.74540063973997	37.20120341407833	8.925797435861519	pc3
25	8.995031948632223	4.141745692012061	42.404989923292035	44.458232436063675	pc3
26	34.09767910744912	10.140655382143986	18.055978669035504	37.705686841371396	pc3
27	11.773448082094774	13.328042976760496	55.66032028763321	19.238188653511514	pc3
28	36.90760810243907	4.449835155369517	31.733906442946136	26.90865029924528	pc3
29	32.329077253183044	15.378529004895034	6.95471736057777	45.33767638134415	pc3
30	45.324260568040806	12.945482087486845	5.777295448521409	35.95296189595094	pc3
31	11.044326682762389	11.684287283153553	8.949630345624012	68.32175568846004	pc3
32	6.302468944881699	6.42781959699104	36.165822339376966	51.10388911875029	pc3
33	13.196721220778732	11.444275027081574	64.49055104779967	10.868452704340022	pc3
34	13.955704215541932	18.125067824408475	11.267741133570022	56.65148682647957	pc3
35	14.149175146408558	28.518889265474378	34.63439241434212	22.697543173774935	pc3
36	11.867482773853602	17.075175677091163	23.92920087986556	47.128140669189676	pc3
37	20.81720031773284	24.009489240896347	12.698983753593197	42.47432668777761	pc3
38	20.476901098301138	36.3890734050975	18.18293492997989	24.951090566621474	pc3
39	34.667335979762086	18.10976294427308	19.88982754179354	27.333073534171298	pc3
40	26.230713325035293	25.247479261864385	20.950320365559243	27.571487047541076	pc3
41	29.907118198257436	18.057496301167188	28.597114910406052	23.438270590169324	pc3
42	23.748562148995195	17.800933757358415	27.82732255227011	30.623181541376276	pc3
43	29.542281611487837	22.38066746443292	21.897021672649913	26.180029251429332	pc3
44	24.633213672545654	18.32565943499298	28.34204776026221	28.699079132199156	pc3
45	15.164732973164465	19.838809671419718	29.933132583473565	35.063324771942256	pc3
46	30.785596510823893	15.836923567895326	23.871070687729375	29.506409233551405	pc3
47	23.741988704867058	19.655434989529795	18.6242781902405	37.978298115362655	pc3
48	18.205785948411002	16.306826279036628	34.452045033490094	31.035342739062276	pc3
49	22.442344813573097	19.003352636391345	34.61851061668191	23.935791933353652	pc3
50	22.997846773633395	18.57331388483712	32.06918107939154	26.35965826213795	pc3
51	16.763465669504335	16.683904845254197	23.454530988941045	43.09809849630042	pc3
52	12.403444908106188	30.134067300008876	24.309686584391372	33.15280120749357	pc3
53	29.706790123456788	21.277006172839506	22.907021604938272	26.109182098765434	pc3
54	15.532286212914483	23.35296684118674	20.647905759162306	40.466841186736474	pc3
55	21.44393975615587	21.694955773368395	36.49294764523069	20.36815682524504	pc3
56	26.881720430107524	14.221710189452125	18.906810035842295	39.989759344598056	pc3
57	16.2398832426695	11.038874883906063	36.15496882048561	36.56627305293883	pc3
58	24.275862068965516	17.50344827586207	21.462068965517243	36.758620689655174	pc3
59	20.967483581611404	29.232740669549894	24.31523306102835	25.484542687810347	pc3
60	24.744669414083496	19.405124529654184	35.53126679806486	20.318939258197453	pc3
61	24.954351795496045	26.171637248934875	40.10955569080949	8.764455264759587	pc3
62	20.49293824425367	28.690113541955135	18.305178620880643	32.51176959291055	pc3
63	27.12041884816754	15.986038394415358	13.158813263525303	43.7347294938918	pc3
64	58.33774483853891	12.069878242456326	23.504499735309686	6.087877183695077	pc3
65	47.611464968152866	29.936305732484076	4.617834394904459	17.8343949044586	pc3
66	23.761375126390295	43.174924165824066	20.930232558139537	12.133468149646106	pc3
67	46.32843791722296	22.696929238985312	12.817089452603472	18.157543391188252	pc3
68	48.05491990846682	25.85812356979405	16.018306636155607	10.068649885583524	pc3
