Base	G	A	T	C	sample
1	42.46607974884474	13.726672104685827	37.866391010946664	5.940857135522768	pt5
2	25.52050523938405	14.327791939252984	18.02807400468366	42.1236288166793	pt5
3	9.644580702756052	27.706363891794282	17.41647256752323	45.23258283792643	pt5
4	14.73453346967677	19.101778561686565	40.204187638344116	25.959500330292546	pt5
5	29.841214236860537	18.695652257186815	38.170705804096166	13.292427701856477	pt5
6	55.569028648036955	9.735608307411546	20.794918416534973	13.900444628016526	pt5
7	37.731791342447195	14.97342816084414	28.989697439002178	18.305083057706483	pt5
8	18.12797576922539	19.747740383353868	43.47877633362439	18.645507513796346	pt5
9	33.42010894578548	30.004420499857403	18.115622119277266	18.459848435079845	pt5
10	55.36587745958654	11.460409932607456	19.6645302503205	13.509182357485496	pt5
11	15.481250283703552	17.478140222431247	40.33010931181611	26.710500182049095	pt5
12	17.172560681039	11.771816996629054	45.163120578244126	25.89250174408782	pt5
13	20.586959080338776	20.13011060033079	32.73368917812571	26.549241141204728	pt5
14	34.26016122198975	46.35989300388192	14.061320895653887	5.318624878474443	pt5
15	54.21259463231037	11.861438397710533	27.840731382043998	6.0852355879351	pt5
16	15.831757843945246	21.175669093791782	47.721354902359245	15.271218159903729	pt5
17	55.88587257660173	12.783336707443926	19.756244291225137	11.574546424729212	pt5
18	47.935021527851355	12.121519182423256	29.58376597732592	10.359693312399465	pt5
19	32.937211141683136	12.06882638859555	45.39557597359121	9.598386496130106	pt5
20	36.7308837270881	25.36262544297534	31.153681529973625	6.752809299962934	pt5
21	37.17860614436311	34.93436002173017	13.447999634690705	14.43903419921602	pt5
22	30.79371300982709	22.867592462149602	40.4104404280338	5.9282540999895055	pt5
23	15.109704637334046	36.11167805487088	30.528577568852395	18.250039738942682	pt5
24	11.865640413892185	43.39450844947916	37.42516026902932	7.3146908675993325	pt5
25	6.627815544608562	3.4184722893028123	57.7694516641758	32.184260501912824	pt5
26	17.354047819408585	11.679511904790285	22.229882481765166	48.73655779403596	pt5
27	12.805782672163705	19.51886808090038	44.484731525344415	23.190617721591504	pt5
28	52.795179143580114	3.283918134694296	16.452524019793834	27.46837870193175	pt5
29	39.37347907591228	24.60481231757741	6.000685704410144	30.02102290210017	pt5
30	34.23208507750876	20.130442364471467	4.5704127776821935	41.06705978033758	pt5
31	16.380980384782394	12.655764384891805	7.62095822919409	63.34229700113171	pt5
32	5.741572951995863	3.4242711077615686	50.66358445841335	40.17057148182922	pt5
33	12.246329533189941	4.374597831687915	66.27317194473855	17.105900690383592	pt5
34	12.106888261060117	7.221420241122564	6.729357377909727	73.9423341199076	pt5
35	15.802673565434713	24.05374362848553	35.50984194471469	24.63374086136507	pt5
36	11.99866772020707	17.052827019768056	21.233209199817164	49.715296060207706	pt5
37	17.39089003239947	22.282908529184596	13.07965453943607	47.24654689897987	pt5
38	20.668671651020293	35.506492776434875	17.0259711057395	26.798864466805327	pt5
39	31.742313323572475	19.64756327128216	18.36958795231123	30.240535452834134	pt5
40	27.634800660030873	22.72049821685208	21.874168307872466	27.770532815244586	pt5
41	32.29503820614635	18.73602722813574	25.86839734392205	23.100537221795854	pt5
42	23.79476439790576	22.743455497382197	26.322513089005234	27.139267015706807	pt5
43	23.087044534412957	24.73937246963563	22.272267206477732	29.90131578947369	pt5
44	22.42481648117452	21.889059910016577	28.563817191569974	27.122306417238928	pt5
45	16.104457515413507	23.25136418396995	30.926227765572957	29.717950535043585	pt5
46	26.3921210106383	18.27626329787234	26.637300531914892	28.69431515957447	pt5
47	23.436891312816517	24.37183482664589	21.693611219322165	30.497662641215427	pt5
48	23.875189271036124	19.26238373350638	27.979666882976424	28.88276011248107	pt5
49	25.337108953613807	18.763484358144552	30.98705501618123	24.91235167206041	pt5
50	20.773026315789473	17.44243421052632	32.557565789473685	29.226973684210527	pt5
51	19.187725631768952	17.319494584837543	24.41335740072202	39.07942238267148	pt5
52	13.333995234312948	30.57982525814138	25.258141382049242	30.828038125496427	pt5
53	30.876895345138372	20.655285759728557	25.914537164669703	22.553281730463365	pt5
54	15.083402342363659	25.967112267833905	22.571867975866557	36.37761741393588	pt5
55	20.127469725940088	20.93052899936265	34.710006373486294	24.231994901210964	pt5
56	24.279499728113105	12.710712343665035	22.96084828711256	40.0489396411093	pt5
57	19.575070821529746	9.631728045325778	37.521246458923514	33.27195467422096	pt5
58	27.99647473560517	18.14042303172738	21.709753231492364	32.15334900117509	pt5
59	21.420351800098636	32.87851389117212	22.258753904323527	23.44238040440572	pt5
60	21.828324635594747	21.324455641533202	35.05488572971028	21.792333993161776	pt5
61	22.66720878227282	22.46391542996544	40.882293149014025	13.986582638747713	pt5
62	21.456043956043956	24.25824175824176	23.26923076923077	31.016483516483518	pt5
63	24.887659868648463	16.626339440027653	14.552367784306947	43.93363290701694	pt5
64	48.66028708133972	15.167464114832535	29.13875598086124	7.033492822966507	pt5
65	49.05183312262958	30.214917825537295	6.32111251580278	14.412136536030342	pt5
66	23.453996983408747	50.2262443438914	16.440422322775262	9.879336349924586	pt5
67	52.47148288973384	17.39543726235741	15.399239543726237	14.733840304182511	pt5
68	55.04587155963303	24.159021406727827	12.691131498470948	8.103975535168196	pt5
