Base	G	A	T	C	sample
1	24.711592940045737	30.257334173536954	38.93339290489182	6.097679981525493	pt3
2	22.095976626783454	30.673497056996634	26.268703781084174	20.961822535135738	pt3
3	11.288819858541661	23.7998686442428	22.05606050613267	42.85525099108287	pt3
4	16.40037323588184	41.22880781418961	28.499245577725528	13.871573372203017	pt3
5	24.190566664672698	20.675585713324335	36.72188407801909	18.411963543983877	pt3
6	30.82776577214741	13.794717565476642	36.882628397106096	18.49488826526985	pt3
7	29.415815055963932	19.533329913999868	20.439515593387352	30.611339436648844	pt3
8	17.208766685338585	36.18733109180725	33.72110718077166	12.882795042082504	pt3
9	18.971723812691106	45.043797033098365	25.008182717108383	10.976296437102143	pt3
10	36.19143617144014	16.528185031365382	18.410359148740287	28.870019648454193	pt3
11	35.44525677411757	10.259363145790797	30.158813982060934	24.136566098030706	pt3
12	21.491788521873172	12.93034007241406	29.559171188479933	36.018700217232826	pt3
13	14.218788582516426	19.90775625888557	47.0928991199674	18.780556038630607	pt3
14	37.612694711856946	37.73269444080313	17.58240211160267	7.072208735737254	pt3
15	47.00916213124395	13.28950368425268	31.64843063284489	8.052903551658487	pt3
16	12.02008575919813	18.442264190975358	39.77632952431235	29.761320525514158	pt3
17	48.01178616200832	17.083129361540053	25.82572649982066	9.079357976630966	pt3
18	48.45523741132864	14.803586906526009	21.230297120761037	15.510878561384315	pt3
19	24.058067602625382	14.2901984531312	51.290610628203304	10.361123316040114	pt3
20	49.1837166625821	16.32342028658023	27.71274786785317	6.780115182984496	pt3
21	22.470368198387096	40.40495447592364	18.301842688760704	18.82283463692856	pt3
22	32.93354122174362	16.696138105623223	43.58509096791124	6.785229704721915	pt3
23	9.469309463598167	24.280464619901426	32.86727724526307	33.38294867123734	pt3
24	9.768486566309777	43.298273129613676	33.69445841676623	13.238781887310317	pt3
25	13.336894598634084	5.605498611205427	34.49827694535079	46.5593298448097	pt3
26	36.935980976042785	9.444306640724907	17.805107078521452	35.81460530471085	pt3
27	12.431199781741057	11.339717623233739	60.964418918796866	15.264663676228333	pt3
28	26.90165575872635	6.834220123900879	37.00218644528822	29.261937672084553	pt3
29	27.21753083337909	14.53743443476861	12.394946893729376	45.850087838122924	pt3
30	49.29802081093057	11.667321007665892	6.2476634974430185	32.786994683960515	pt3
31	9.66543419939449	15.453256604384066	9.87203254047005	65.00927665575139	pt3
32	6.957255318785662	6.768351849630946	29.269608223297354	57.004784608286045	pt3
33	13.446659293796385	10.657274814367481	59.912367704654876	15.983698187181258	pt3
34	18.476771206265813	27.722267106515375	14.284039961432498	39.51692172578631	pt3
35	16.8801757089867	23.38136108479561	35.13908723706102	24.59937596915666	pt3
36	14.07157897201253	16.340192533650956	32.632536987151255	36.955691507185264	pt3
37	27.603560157748237	23.500764065956425	14.92699165804477	33.96868411825057	pt3
38	26.357484733454367	20.02900440747946	26.043360506927776	27.570150352138402	pt3
39	35.151300198294344	15.43052443212046	25.905624788405422	23.51255058117977	pt3
40	29.95636662194704	19.917303956629016	24.111356105075608	26.01497331634834	pt3
41	32.438505022238786	16.168698200981467	29.035536105479782	22.35726067129996	pt3
42	23.26497809348508	18.972467788349366	28.665128457729498	29.097425660436055	pt3
43	25.42871727790451	24.635889418858774	24.11664300413164	25.818750299105076	pt3
44	21.974204445126865	24.668918659552418	24.588307550573873	28.76856934474684	pt3
45	14.406990990209579	24.80131840013878	29.415718885865143	31.3759717237865	pt3
46	26.3787039080042	18.36281750100588	25.99711864186795	29.261359949121964	pt3
47	22.353311546187747	24.60948040656013	20.84819956225827	32.189008484993856	pt3
48	21.99947373614446	17.993290135841857	28.82939183633194	31.177844291681744	pt3
49	24.333283750185934	18.793429524639283	29.866762999638752	27.00652372553603	pt3
50	23.15068493150685	19.162861491628615	30.202942668696092	27.48351090816844	pt3
51	16.073784913129536	18.48746426215087	21.46470200131955	43.97404882340004	pt3
52	9.748260818299729	33.59568447117085	21.397830444523052	35.258224266006366	pt3
53	31.291665362586464	24.421770836593534	19.72395230196238	24.562611498857624	pt3
54	13.903330761748231	24.43229463656794	20.28645221883071	41.377922382853114	pt3
55	21.53274235058622	21.779382327709467	38.06476980268802	18.6231055190163	pt3
56	26.15846789335336	11.028914757791963	18.764551257979722	44.048066090874954	pt3
57	16.53601944030728	11.35846985968488	38.817903895900294	33.28760680410755	pt3
58	26.073460941541644	18.448804170480322	21.16677941820208	34.310955469775955	pt3
59	23.36444363899964	30.445813700616164	24.628488582819863	21.561254077564335	pt3
60	26.458015267175572	19.43002544529262	34.045801526717554	20.06615776081425	pt3
61	22.850769318766805	26.90613739060802	43.08185094091403	7.161242349711149	pt3
62	18.553433563592037	28.01300284437221	19.34985778138968	34.08370581064608	pt3
63	22.82419495213229	16.764577893820714	9.573542210617928	50.837684943429075	pt3
64	53.96680649279592	16.94327922670071	20.663870144081706	8.426044136421668	pt3
65	47.72543741588156	28.371467025572006	6.271870794078062	17.631224764468374	pt3
66	18.717860815906754	41.720946177579705	23.791566678093933	15.769626328419609	pt3
67	37.98828125	22.75390625	20.41015625	18.84765625	pt3
68	46.95863746958637	29.1970802919708	10.70559610705596	13.138686131386862	pt3
